S.sp.DD04NZ_KQ968976.1	0	2500	0.357600
S.sp.DD04NZ_KQ968976.1	2500	5000	0.384800
S.sp.DD04NZ_KQ968976.1	5000	7500	0.466400
S.sp.DD04NZ_KQ968976.1	7500	10000	0.388400
S.sp.DD04NZ_KQ968976.1	10000	12500	0.424400
S.sp.DD04NZ_KQ968976.1	12500	15000	0.436000
S.sp.DD04NZ_KQ968976.1	15000	17500	0.446000
S.sp.DD04NZ_KQ968976.1	17500	20000	0.423600
S.sp.DD04NZ_KQ968976.1	20000	22500	0.410800
S.sp.DD04NZ_KQ968976.1	22500	25000	0.385200
S.sp.DD04NZ_KQ968976.1	25000	27500	0.432000
S.sp.DD04NZ_KQ968976.1	27500	30000	0.420800
S.sp.DD04NZ_KQ968976.1	30000	32500	0.428800
S.sp.DD04NZ_KQ968976.1	32500	35000	0.417200
S.sp.DD04NZ_KQ968976.1	35000	37500	0.390400
S.sp.DD04NZ_KQ968976.1	37500	40000	0.393200
S.sp.DD04NZ_KQ968976.1	40000	42500	0.298800
S.sp.DD04NZ_KQ968976.1	42500	45000	0.313200
S.sp.DD04NZ_KQ968976.1	45000	47500	0.308400
S.sp.DD04NZ_KQ968976.1	47500	50000	0.434800
S.sp.DD04NZ_KQ968976.1	50000	52500	0.412800
S.sp.DD04NZ_KQ968976.1	52500	55000	0.397600
S.sp.DD04NZ_KQ968976.1	55000	57500	0.387600
S.sp.DD04NZ_KQ968976.1	57500	60000	0.401600
S.sp.DD04NZ_KQ968976.1	60000	62500	0.448000
S.sp.DD04NZ_KQ968976.1	62500	65000	0.411200
S.sp.DD04NZ_KQ968976.1	65000	67500	0.423600
S.sp.DD04NZ_KQ968976.1	67500	70000	0.427600
S.sp.DD04NZ_KQ968976.1	70000	72500	0.417200
S.sp.DD04NZ_KQ968976.1	72500	75000	0.436800
S.sp.DD04NZ_KQ968976.1	75000	77500	0.235600
S.sp.DD04NZ_KQ968976.1	77500	80000	0.426000
S.sp.DD04NZ_KQ968976.1	80000	82500	0.437600
S.sp.DD04NZ_KQ968976.1	82500	85000	0.395600
S.sp.DD04NZ_KQ968976.1	85000	87500	0.429200
S.sp.DD04NZ_KQ968976.1	87500	90000	0.447600
S.sp.DD04NZ_KQ968976.1	90000	92500	0.403600
S.sp.DD04NZ_KQ968976.1	92500	95000	0.322000
S.sp.DD04NZ_KQ968976.1	95000	97500	0.433200
S.sp.DD04NZ_KQ968976.1	97500	100000	0.452800
S.sp.DD04NZ_KQ968976.1	100000	102500	0.468000
S.sp.DD04NZ_KQ968976.1	102500	105000	0.437200
S.sp.DD04NZ_KQ968976.1	105000	107500	0.418400
S.sp.DD04NZ_KQ968976.1	107500	110000	0.397200
S.sp.DD04NZ_KQ968976.1	110000	112500	0.288800
S.sp.DD04NZ_KQ968976.1	112500	115000	0.248000
S.sp.DD04NZ_KQ968976.1	115000	117500	0.455600
S.sp.DD04NZ_KQ968976.1	117500	120000	0.434400
S.sp.DD04NZ_KQ968976.1	120000	122500	0.378400
S.sp.DD04NZ_KQ968976.1	122500	125000	0.416400
S.sp.DD04NZ_KQ968976.1	125000	127500	0.338000
S.sp.DD04NZ_KQ968976.1	127500	130000	0.386800
S.sp.DD04NZ_KQ968976.1	130000	132500	0.368000
S.sp.DD04NZ_KQ968976.1	132500	135000	0.473200
S.sp.DD04NZ_KQ968976.1	135000	137500	0.408800
S.sp.DD04NZ_KQ968976.1	137500	140000	0.404000
S.sp.DD04NZ_KQ968976.1	140000	142500	0.446000
S.sp.DD04NZ_KQ968976.1	142500	145000	0.288800
S.sp.DD04NZ_KQ968976.1	145000	147500	0.450400
S.sp.DD04NZ_KQ968976.1	147500	150000	0.433200
S.sp.DD04NZ_KQ968976.1	150000	152500	0.453600
S.sp.DD04NZ_KQ968976.1	152500	155000	0.459600
S.sp.DD04NZ_KQ968976.1	155000	157500	0.421600
S.sp.DD04NZ_KQ968976.1	157500	160000	0.457600
S.sp.DD04NZ_KQ968976.1	160000	162500	0.384800
S.sp.DD04NZ_KQ968976.1	162500	165000	0.459600
S.sp.DD04NZ_KQ968976.1	165000	167500	0.445600
S.sp.DD04NZ_KQ968976.1	167500	170000	0.337200
S.sp.DD04NZ_KQ968976.1	170000	172500	0.333600
S.sp.DD04NZ_KQ968976.1	172500	175000	0.346400
S.sp.DD04NZ_KQ968976.1	175000	177500	0.288000
S.sp.DD04NZ_KQ968976.1	177500	180000	0.428000
S.sp.DD04NZ_KQ968976.1	180000	182500	0.412000
S.sp.DD04NZ_KQ968976.1	182500	185000	0.320400
S.sp.DD04NZ_KQ968976.1	185000	187500	0.413600
S.sp.DD04NZ_KQ968976.1	187500	190000	0.434000
S.sp.DD04NZ_KQ968976.1	190000	192500	0.435200
S.sp.DD04NZ_KQ968976.1	192500	195000	0.356400
S.sp.DD04NZ_KQ968976.1	195000	197500	0.418400
S.sp.DD04NZ_KQ968976.1	197500	200000	0.482400
S.sp.DD04NZ_KQ968976.1	200000	202500	0.435600
S.sp.DD04NZ_KQ968976.1	202500	205000	0.447600
S.sp.DD04NZ_KQ968976.1	205000	207500	0.418800
S.sp.DD04NZ_KQ968976.1	207500	210000	0.424000
S.sp.DD04NZ_KQ968976.1	210000	212500	0.389600
S.sp.DD04NZ_KQ968976.1	212500	215000	0.368800
S.sp.DD04NZ_KQ968976.1	215000	217500	0.344000
S.sp.DD04NZ_KQ968976.1	217500	220000	0.318400
S.sp.DD04NZ_KQ968976.1	220000	222500	0.319200
S.sp.DD04NZ_KQ968976.1	222500	225000	0.306000
S.sp.DD04NZ_KQ968976.1	225000	227500	0.320800
S.sp.DD04NZ_KQ968976.1	227500	230000	0.413200
S.sp.DD04NZ_KQ968976.1	230000	232500	0.445600
S.sp.DD04NZ_KQ968976.1	232500	235000	0.449600
S.sp.DD04NZ_KQ968976.1	235000	237500	0.416800
S.sp.DD04NZ_KQ968976.1	237500	240000	0.445200
S.sp.DD04NZ_KQ968976.1	240000	242500	0.448000
S.sp.DD04NZ_KQ968976.1	242500	245000	0.283200
S.sp.DD04NZ_KQ968976.1	245000	247500	0.333200
S.sp.DD04NZ_KQ968976.1	247500	250000	0.420400
S.sp.DD04NZ_KQ968976.1	250000	252500	0.415600
S.sp.DD04NZ_KQ968976.1	252500	255000	0.405600
S.sp.DD04NZ_KQ968976.1	255000	257500	0.438400
S.sp.DD04NZ_KQ968976.1	257500	260000	0.414000
S.sp.DD04NZ_KQ968976.1	260000	262500	0.478800
S.sp.DD04NZ_KQ968976.1	262500	265000	0.470800
S.sp.DD04NZ_KQ968976.1	265000	267500	0.402000
S.sp.DD04NZ_KQ968976.1	267500	270000	0.333600
S.sp.DD04NZ_KQ968976.1	270000	272500	0.466400
S.sp.DD04NZ_KQ968976.1	272500	275000	0.370000
S.sp.DD04NZ_KQ968976.1	275000	277500	0.400400
S.sp.DD04NZ_KQ968976.1	277500	280000	0.445600
S.sp.DD04NZ_KQ968976.1	280000	282500	0.226000
S.sp.DD04NZ_KQ968976.1	282500	285000	0.475600
S.sp.DD04NZ_KQ968976.1	285000	287500	0.437200
S.sp.DD04NZ_KQ968976.1	287500	290000	0.438000
S.sp.DD04NZ_KQ968976.1	290000	292500	0.426000
S.sp.DD04NZ_KQ968976.1	292500	295000	0.408000
S.sp.DD04NZ_KQ968976.1	295000	297500	0.264000
S.sp.DD04NZ_KQ968976.1	297500	300000	0.405200
S.sp.DD04NZ_KQ968976.1	300000	302500	0.451600
S.sp.DD04NZ_KQ968976.1	302500	305000	0.447200
S.sp.DD04NZ_KQ968976.1	305000	307500	0.403200
S.sp.DD04NZ_KQ968976.1	307500	310000	0.416800
S.sp.DD04NZ_KQ968976.1	310000	312500	0.469200
S.sp.DD04NZ_KQ968976.1	312500	315000	0.447600
S.sp.DD04NZ_KQ968976.1	315000	317500	0.459600
S.sp.DD04NZ_KQ968976.1	317500	320000	0.301600
S.sp.DD04NZ_KQ968976.1	320000	322500	0.412000
S.sp.DD04NZ_KQ968976.1	322500	325000	0.232400
S.sp.DD04NZ_KQ968976.1	325000	327500	0.404400
S.sp.DD04NZ_KQ968976.1	327500	330000	0.396400
S.sp.DD04NZ_KQ968976.1	330000	332500	0.462800
S.sp.DD04NZ_KQ968976.1	332500	335000	0.402400
S.sp.DD04NZ_KQ968976.1	335000	337500	0.419200
S.sp.DD04NZ_KQ968976.1	337500	340000	0.374000
S.sp.DD04NZ_KQ968976.1	340000	342500	0.420000
S.sp.DD04NZ_KQ968976.1	342500	345000	0.414400
S.sp.DD04NZ_KQ968976.1	345000	347500	0.385200
S.sp.DD04NZ_KQ968976.1	347500	350000	0.415600
S.sp.DD04NZ_KQ968976.1	350000	352500	0.459600
S.sp.DD04NZ_KQ968976.1	352500	355000	0.420800
S.sp.DD04NZ_KQ968976.1	355000	357500	0.374400
S.sp.DD04NZ_KQ968976.1	357500	360000	0.450400
S.sp.DD04NZ_KQ968976.1	360000	362500	0.453200
S.sp.DD04NZ_KQ968976.1	362500	365000	0.362400
S.sp.DD04NZ_KQ968976.1	365000	367500	0.272000
S.sp.DD04NZ_KQ968976.1	367500	370000	0.244000
S.sp.DD04NZ_KQ968976.1	370000	372500	0.407600
S.sp.DD04NZ_KQ968976.1	372500	375000	0.414000
S.sp.DD04NZ_KQ968976.1	375000	377500	0.374000
S.sp.DD04NZ_KQ968976.1	377500	380000	0.445600
S.sp.DD04NZ_KQ968976.1	380000	382500	0.469600
S.sp.DD04NZ_KQ968976.1	382500	385000	0.463600
S.sp.DD04NZ_KQ968976.1	385000	387500	0.420000
S.sp.DD04NZ_KQ968976.1	387500	390000	0.430400
S.sp.DD04NZ_KQ968976.1	390000	392500	0.392400
S.sp.DD04NZ_KQ968976.1	392500	395000	0.462000
S.sp.DD04NZ_KQ968976.1	395000	397500	0.402800
S.sp.DD04NZ_KQ968976.1	397500	400000	0.450000
S.sp.DD04NZ_KQ968976.1	400000	402500	0.455200
S.sp.DD04NZ_KQ968976.1	402500	405000	0.442400
S.sp.DD04NZ_KQ968976.1	405000	407500	0.366800
S.sp.DD04NZ_KQ968976.1	407500	410000	0.384000
S.sp.DD04NZ_KQ968976.1	410000	412500	0.426400
S.sp.DD04NZ_KQ968976.1	412500	415000	0.421600
S.sp.DD04NZ_KQ968976.1	415000	417500	0.396800
S.sp.DD04NZ_KQ968976.1	417500	420000	0.398000
S.sp.DD04NZ_KQ968976.1	420000	422500	0.402000
S.sp.DD04NZ_KQ968976.1	422500	425000	0.419200
S.sp.DD04NZ_KQ968976.1	425000	427500	0.315200
S.sp.DD04NZ_KQ968976.1	427500	430000	0.242800
S.sp.DD04NZ_KQ968976.1	430000	432500	0.396800
S.sp.DD04NZ_KQ968976.1	432500	435000	0.415600
S.sp.DD04NZ_KQ968976.1	435000	437500	0.420400
S.sp.DD04NZ_KQ968976.1	437500	440000	0.438000
S.sp.DD04NZ_KQ968976.1	440000	442500	0.471600
S.sp.DD04NZ_KQ968976.1	442500	445000	0.418400
S.sp.DD04NZ_KQ968976.1	445000	447500	0.410000
S.sp.DD04NZ_KQ968976.1	447500	450000	0.401200
S.sp.DD04NZ_KQ968976.1	450000	452500	0.332000
S.sp.DD04NZ_KQ968976.1	452500	455000	0.438000
S.sp.DD04NZ_KQ968976.1	455000	457500	0.440400
S.sp.DD04NZ_KQ968976.1	457500	460000	0.492800
S.sp.DD04NZ_KQ968976.1	460000	462500	0.487600
S.sp.DD04NZ_KQ968976.1	462500	465000	0.451600
S.sp.DD04NZ_KQ968976.1	465000	467500	0.478800
S.sp.DD04NZ_KQ968976.1	467500	470000	0.472000
S.sp.DD04NZ_KQ968976.1	470000	472500	0.459200
S.sp.DD04NZ_KQ968976.1	472500	475000	0.468800
S.sp.DD04NZ_KQ968976.1	475000	477500	0.447600
S.sp.DD04NZ_KQ968976.1	477500	480000	0.376800
S.sp.DD04NZ_KQ968976.1	480000	482500	0.352800
S.sp.DD04NZ_KQ968976.1	482500	485000	0.427200
S.sp.DD04NZ_KQ968976.1	485000	487500	0.413200
S.sp.DD04NZ_KQ968976.1	487500	490000	0.447200
S.sp.DD04NZ_KQ968976.1	490000	492500	0.415600
S.sp.DD04NZ_KQ968976.1	492500	495000	0.387200
S.sp.DD04NZ_KQ968976.1	495000	497500	0.350400
S.sp.DD04NZ_KQ968976.1	497500	500000	0.317200
S.sp.DD04NZ_KQ968976.1	500000	502500	0.240000
S.sp.DD04NZ_KQ968976.1	502500	505000	0.299200
S.sp.DD04NZ_KQ968976.1	505000	507500	0.327600
S.sp.DD04NZ_KQ968976.1	507500	510000	0.455200
S.sp.DD04NZ_KQ968976.1	510000	512500	0.445600
S.sp.DD04NZ_KQ968976.1	512500	515000	0.396400
S.sp.DD04NZ_KQ968976.1	515000	517500	0.407600
S.sp.DD04NZ_KQ968976.1	517500	520000	0.410000
S.sp.DD04NZ_KQ968976.1	520000	522500	0.470000
S.sp.DD04NZ_KQ968976.1	522500	525000	0.408800
S.sp.DD04NZ_KQ968976.1	525000	527500	0.408400
S.sp.DD04NZ_KQ968976.1	527500	530000	0.441200
S.sp.DD04NZ_KQ968976.1	530000	532500	0.386000
S.sp.DD04NZ_KQ968976.1	532500	535000	0.412400
S.sp.DD04NZ_KQ968976.1	535000	537500	0.406400
S.sp.DD04NZ_KQ968976.1	537500	540000	0.415200
S.sp.DD04NZ_KQ968976.1	540000	542500	0.359200
S.sp.DD04NZ_KQ968976.1	542500	545000	0.279600
S.sp.DD04NZ_KQ968976.1	545000	547500	0.364400
S.sp.DD04NZ_KQ968976.1	547500	550000	0.445600
S.sp.DD04NZ_KQ968976.1	550000	552500	0.433600
S.sp.DD04NZ_KQ968976.1	552500	555000	0.455600
S.sp.DD04NZ_KQ968976.1	555000	557500	0.470400
S.sp.DD04NZ_KQ968976.1	557500	560000	0.442800
S.sp.DD04NZ_KQ968976.1	560000	562500	0.450400
S.sp.DD04NZ_KQ968976.1	562500	565000	0.424400
S.sp.DD04NZ_KQ968976.1	565000	567500	0.209600
S.sp.DD04NZ_KQ968976.1	567500	570000	0.434800
S.sp.DD04NZ_KQ968976.1	570000	572500	0.132800
S.sp.DD04NZ_KQ968976.1	572500	575000	0.418800
S.sp.DD04NZ_KQ968976.1	575000	577500	0.429600
S.sp.DD04NZ_KQ968976.1	577500	580000	0.451600
S.sp.DD04NZ_KQ968976.1	580000	582500	0.437200
S.sp.DD04NZ_KQ968976.1	582500	585000	0.418800
S.sp.DD04NZ_KQ968976.1	585000	587500	0.407200
S.sp.DD04NZ_KQ968976.1	587500	590000	0.456400
S.sp.DD04NZ_KQ968976.1	590000	591709	0.346987
S.sp.DD04NZ_KQ968977.1	0	2500	0.407200
S.sp.DD04NZ_KQ968977.1	2500	5000	0.277600
S.sp.DD04NZ_KQ968977.1	5000	7500	0.399600
S.sp.DD04NZ_KQ968977.1	7500	10000	0.232400
S.sp.DD04NZ_KQ968977.1	10000	12500	0.274800
S.sp.DD04NZ_KQ968977.1	12500	15000	0.415200
S.sp.DD04NZ_KQ968977.1	15000	17500	0.439200
S.sp.DD04NZ_KQ968977.1	17500	20000	0.395600
S.sp.DD04NZ_KQ968977.1	20000	22500	0.366000
S.sp.DD04NZ_KQ968977.1	22500	25000	0.376000
S.sp.DD04NZ_KQ968977.1	25000	27500	0.400800
S.sp.DD04NZ_KQ968977.1	27500	30000	0.400400
S.sp.DD04NZ_KQ968977.1	30000	32500	0.430000
S.sp.DD04NZ_KQ968977.1	32500	35000	0.392800
S.sp.DD04NZ_KQ968977.1	35000	37500	0.362400
S.sp.DD04NZ_KQ968977.1	37500	40000	0.459200
S.sp.DD04NZ_KQ968977.1	40000	42500	0.436400
S.sp.DD04NZ_KQ968977.1	42500	45000	0.389200
S.sp.DD04NZ_KQ968977.1	45000	47500	0.402400
S.sp.DD04NZ_KQ968977.1	47500	50000	0.410800
S.sp.DD04NZ_KQ968977.1	50000	52500	0.345200
S.sp.DD04NZ_KQ968977.1	52500	55000	0.202000
S.sp.DD04NZ_KQ968977.1	55000	57500	0.338800
S.sp.DD04NZ_KQ968977.1	57500	60000	0.234800
S.sp.DD04NZ_KQ968977.1	60000	62500	0.320400
S.sp.DD04NZ_KQ968977.1	62500	65000	0.417200
S.sp.DD04NZ_KQ968977.1	65000	67500	0.398800
S.sp.DD04NZ_KQ968977.1	67500	70000	0.430000
S.sp.DD04NZ_KQ968977.1	70000	72500	0.321200
S.sp.DD04NZ_KQ968977.1	72500	75000	0.446000
S.sp.DD04NZ_KQ968977.1	75000	77500	0.418400
S.sp.DD04NZ_KQ968977.1	77500	80000	0.356000
S.sp.DD04NZ_KQ968977.1	80000	82500	0.427600
S.sp.DD04NZ_KQ968977.1	82500	85000	0.432000
S.sp.DD04NZ_KQ968977.1	85000	87500	0.441600
S.sp.DD04NZ_KQ968977.1	87500	90000	0.448400
S.sp.DD04NZ_KQ968977.1	90000	92500	0.448800
S.sp.DD04NZ_KQ968977.1	92500	95000	0.290400
S.sp.DD04NZ_KQ968977.1	95000	97500	0.446400
S.sp.DD04NZ_KQ968977.1	97500	100000	0.445200
S.sp.DD04NZ_KQ968977.1	100000	102500	0.429200
S.sp.DD04NZ_KQ968977.1	102500	105000	0.439600
S.sp.DD04NZ_KQ968977.1	105000	107500	0.456800
S.sp.DD04NZ_KQ968977.1	107500	110000	0.433600
S.sp.DD04NZ_KQ968977.1	110000	112500	0.464000
S.sp.DD04NZ_KQ968977.1	112500	115000	0.376800
S.sp.DD04NZ_KQ968977.1	115000	117500	0.456000
S.sp.DD04NZ_KQ968977.1	117500	120000	0.400800
S.sp.DD04NZ_KQ968977.1	120000	122500	0.464400
S.sp.DD04NZ_KQ968977.1	122500	125000	0.402800
S.sp.DD04NZ_KQ968977.1	125000	127500	0.439200
S.sp.DD04NZ_KQ968977.1	127500	130000	0.414800
S.sp.DD04NZ_KQ968977.1	130000	132500	0.430800
S.sp.DD04NZ_KQ968977.1	132500	135000	0.406400
S.sp.DD04NZ_KQ968977.1	135000	137500	0.424400
S.sp.DD04NZ_KQ968977.1	137500	140000	0.373600
S.sp.DD04NZ_KQ968977.1	140000	142500	0.426800
S.sp.DD04NZ_KQ968977.1	142500	145000	0.445600
S.sp.DD04NZ_KQ968977.1	145000	147500	0.436800
S.sp.DD04NZ_KQ968977.1	147500	150000	0.396800
S.sp.DD04NZ_KQ968977.1	150000	152500	0.381600
S.sp.DD04NZ_KQ968977.1	152500	155000	0.463200
S.sp.DD04NZ_KQ968977.1	155000	157500	0.394400
S.sp.DD04NZ_KQ968977.1	157500	160000	0.428000
S.sp.DD04NZ_KQ968977.1	160000	162500	0.407200
S.sp.DD04NZ_KQ968977.1	162500	165000	0.422400
S.sp.DD04NZ_KQ968977.1	165000	167500	0.392800
S.sp.DD04NZ_KQ968977.1	167500	170000	0.434400
S.sp.DD04NZ_KQ968977.1	170000	172500	0.426000
S.sp.DD04NZ_KQ968977.1	172500	175000	0.442400
S.sp.DD04NZ_KQ968977.1	175000	177500	0.396800
S.sp.DD04NZ_KQ968977.1	177500	180000	0.307200
S.sp.DD04NZ_KQ968977.1	180000	182500	0.415200
S.sp.DD04NZ_KQ968977.1	182500	185000	0.434400
S.sp.DD04NZ_KQ968977.1	185000	187500	0.408000
S.sp.DD04NZ_KQ968977.1	187500	190000	0.453600
S.sp.DD04NZ_KQ968977.1	190000	192500	0.396400
S.sp.DD04NZ_KQ968977.1	192500	195000	0.427600
S.sp.DD04NZ_KQ968977.1	195000	197500	0.413600
S.sp.DD04NZ_KQ968977.1	197500	200000	0.428800
S.sp.DD04NZ_KQ968977.1	200000	202500	0.406000
S.sp.DD04NZ_KQ968977.1	202500	205000	0.443600
S.sp.DD04NZ_KQ968977.1	205000	207500	0.429600
S.sp.DD04NZ_KQ968977.1	207500	210000	0.399600
S.sp.DD04NZ_KQ968977.1	210000	212500	0.410400
S.sp.DD04NZ_KQ968977.1	212500	215000	0.453600
S.sp.DD04NZ_KQ968977.1	215000	217500	0.420000
S.sp.DD04NZ_KQ968977.1	217500	220000	0.387200
S.sp.DD04NZ_KQ968977.1	220000	222500	0.449600
S.sp.DD04NZ_KQ968977.1	222500	225000	0.432800
S.sp.DD04NZ_KQ968977.1	225000	227500	0.458400
S.sp.DD04NZ_KQ968977.1	227500	230000	0.413200
S.sp.DD04NZ_KQ968977.1	230000	232500	0.233200
S.sp.DD04NZ_KQ968977.1	232500	235000	0.274000
S.sp.DD04NZ_KQ968977.1	235000	237500	0.449600
S.sp.DD04NZ_KQ968977.1	237500	240000	0.417600
S.sp.DD04NZ_KQ968977.1	240000	242500	0.308000
S.sp.DD04NZ_KQ968977.1	242500	245000	0.398000
S.sp.DD04NZ_KQ968977.1	245000	247500	0.447200
S.sp.DD04NZ_KQ968977.1	247500	250000	0.349200
S.sp.DD04NZ_KQ968977.1	250000	252500	0.424800
S.sp.DD04NZ_KQ968977.1	252500	255000	0.398400
S.sp.DD04NZ_KQ968977.1	255000	257500	0.428800
S.sp.DD04NZ_KQ968977.1	257500	260000	0.453600
S.sp.DD04NZ_KQ968977.1	260000	262500	0.434800
S.sp.DD04NZ_KQ968977.1	262500	265000	0.475200
S.sp.DD04NZ_KQ968977.1	265000	267500	0.434800
S.sp.DD04NZ_KQ968977.1	267500	270000	0.394400
S.sp.DD04NZ_KQ968977.1	270000	272500	0.441600
S.sp.DD04NZ_KQ968977.1	272500	275000	0.448800
S.sp.DD04NZ_KQ968977.1	275000	277500	0.450800
S.sp.DD04NZ_KQ968977.1	277500	280000	0.424800
S.sp.DD04NZ_KQ968977.1	280000	282500	0.409600
S.sp.DD04NZ_KQ968977.1	282500	285000	0.422000
S.sp.DD04NZ_KQ968977.1	285000	287500	0.420800
S.sp.DD04NZ_KQ968977.1	287500	290000	0.440400
S.sp.DD04NZ_KQ968977.1	290000	292500	0.444000
S.sp.DD04NZ_KQ968977.1	292500	295000	0.419600
S.sp.DD04NZ_KQ968977.1	295000	297500	0.367200
S.sp.DD04NZ_KQ968977.1	297500	300000	0.438400
S.sp.DD04NZ_KQ968977.1	300000	302500	0.437200
S.sp.DD04NZ_KQ968977.1	302500	305000	0.442000
S.sp.DD04NZ_KQ968977.1	305000	307500	0.238400
S.sp.DD04NZ_KQ968977.1	307500	310000	0.408400
S.sp.DD04NZ_KQ968977.1	310000	312500	0.353600
S.sp.DD04NZ_KQ968977.1	312500	315000	0.370400
S.sp.DD04NZ_KQ968977.1	315000	317500	0.403600
S.sp.DD04NZ_KQ968977.1	317500	320000	0.396800
S.sp.DD04NZ_KQ968977.1	320000	322500	0.387200
S.sp.DD04NZ_KQ968977.1	322500	325000	0.386400
S.sp.DD04NZ_KQ968977.1	325000	327500	0.341200
S.sp.DD04NZ_KQ968977.1	327500	330000	0.331600
S.sp.DD04NZ_KQ968977.1	330000	332500	0.459200
S.sp.DD04NZ_KQ968977.1	332500	335000	0.474400
S.sp.DD04NZ_KQ968977.1	335000	337500	0.425200
S.sp.DD04NZ_KQ968977.1	337500	340000	0.455200
S.sp.DD04NZ_KQ968977.1	340000	342500	0.427600
S.sp.DD04NZ_KQ968977.1	342500	345000	0.410400
S.sp.DD04NZ_KQ968977.1	345000	347500	0.382000
S.sp.DD04NZ_KQ968977.1	347500	350000	0.416800
S.sp.DD04NZ_KQ968977.1	350000	352500	0.389600
S.sp.DD04NZ_KQ968977.1	352500	355000	0.213200
S.sp.DD04NZ_KQ968977.1	355000	357500	0.448000
S.sp.DD04NZ_KQ968977.1	357500	360000	0.354000
S.sp.DD04NZ_KQ968977.1	360000	362500	0.410400
S.sp.DD04NZ_KQ968977.1	362500	365000	0.179600
S.sp.DD04NZ_KQ968977.1	365000	367500	0.410800
S.sp.DD04NZ_KQ968977.1	367500	370000	0.392000
S.sp.DD04NZ_KQ968977.1	370000	372500	0.453600
S.sp.DD04NZ_KQ968977.1	372500	375000	0.444800
S.sp.DD04NZ_KQ968977.1	375000	377500	0.426000
S.sp.DD04NZ_KQ968977.1	377500	380000	0.308800
S.sp.DD04NZ_KQ968977.1	380000	382500	0.406000
S.sp.DD04NZ_KQ968977.1	382500	385000	0.453200
S.sp.DD04NZ_KQ968977.1	385000	387500	0.451200
S.sp.DD04NZ_KQ968977.1	387500	390000	0.425600
S.sp.DD04NZ_KQ968977.1	390000	392500	0.363600
S.sp.DD04NZ_KQ968977.1	392500	395000	0.182400
S.sp.DD04NZ_KQ968977.1	395000	397500	0.457600
S.sp.DD04NZ_KQ968977.1	397500	400000	0.415600
S.sp.DD04NZ_KQ968977.1	400000	402500	0.468000
S.sp.DD04NZ_KQ968977.1	402500	405000	0.422400
S.sp.DD04NZ_KQ968977.1	405000	407500	0.249200
S.sp.DD04NZ_KQ968977.1	407500	410000	0.414800
S.sp.DD04NZ_KQ968977.1	410000	412500	0.454400
S.sp.DD04NZ_KQ968977.1	412500	415000	0.408400
S.sp.DD04NZ_KQ968977.1	415000	417500	0.414400
S.sp.DD04NZ_KQ968977.1	417500	420000	0.428400
S.sp.DD04NZ_KQ968977.1	420000	422500	0.398400
S.sp.DD04NZ_KQ968977.1	422500	425000	0.413200
S.sp.DD04NZ_KQ968977.1	425000	427500	0.368000
S.sp.DD04NZ_KQ968977.1	427500	430000	0.376400
S.sp.DD04NZ_KQ968977.1	430000	432500	0.395600
S.sp.DD04NZ_KQ968977.1	432500	435000	0.412000
S.sp.DD04NZ_KQ968977.1	435000	437500	0.380000
S.sp.DD04NZ_KQ968977.1	437500	440000	0.331600
S.sp.DD04NZ_KQ968977.1	440000	442500	0.331200
S.sp.DD04NZ_KQ968977.1	442500	445000	0.304800
S.sp.DD04NZ_KQ968977.1	445000	447500	0.391600
S.sp.DD04NZ_KQ968977.1	447500	450000	0.373600
S.sp.DD04NZ_KQ968977.1	450000	452500	0.362800
S.sp.DD04NZ_KQ968977.1	452500	455000	0.390800
S.sp.DD04NZ_KQ968977.1	455000	457500	0.381200
S.sp.DD04NZ_KQ968977.1	457500	460000	0.350400
S.sp.DD04NZ_KQ968977.1	460000	462500	0.344400
S.sp.DD04NZ_KQ968977.1	462500	465000	0.370400
S.sp.DD04NZ_KQ968977.1	465000	467500	0.368400
S.sp.DD04NZ_KQ968977.1	467500	470000	0.379600
S.sp.DD04NZ_KQ968977.1	470000	472500	0.423200
S.sp.DD04NZ_KQ968977.1	472500	475000	0.400400
S.sp.DD04NZ_KQ968977.1	475000	477500	0.426400
S.sp.DD04NZ_KQ968977.1	477500	480000	0.441200
S.sp.DD04NZ_KQ968977.1	480000	482500	0.471200
S.sp.DD04NZ_KQ968977.1	482500	485000	0.458000
S.sp.DD04NZ_KQ968977.1	485000	487500	0.438400
S.sp.DD04NZ_KQ968977.1	487500	488841	0.376585
S.sp.DD04NZ_KQ968978.1	0	2500	0.440400
S.sp.DD04NZ_KQ968978.1	2500	5000	0.440400
S.sp.DD04NZ_KQ968978.1	5000	7500	0.402000
S.sp.DD04NZ_KQ968978.1	7500	10000	0.477200
S.sp.DD04NZ_KQ968978.1	10000	12500	0.471600
S.sp.DD04NZ_KQ968978.1	12500	15000	0.446000
S.sp.DD04NZ_KQ968978.1	15000	17500	0.413200
S.sp.DD04NZ_KQ968978.1	17500	20000	0.336400
S.sp.DD04NZ_KQ968978.1	20000	22500	0.304800
S.sp.DD04NZ_KQ968978.1	22500	25000	0.323200
S.sp.DD04NZ_KQ968978.1	25000	27500	0.378800
S.sp.DD04NZ_KQ968978.1	27500	30000	0.346800
S.sp.DD04NZ_KQ968978.1	30000	32500	0.193200
S.sp.DD04NZ_KQ968978.1	32500	35000	0.346800
S.sp.DD04NZ_KQ968978.1	35000	37500	0.373600
S.sp.DD04NZ_KQ968978.1	37500	40000	0.401200
S.sp.DD04NZ_KQ968978.1	40000	42500	0.226400
S.sp.DD04NZ_KQ968978.1	42500	45000	0.385200
S.sp.DD04NZ_KQ968978.1	45000	47500	0.440400
S.sp.DD04NZ_KQ968978.1	47500	50000	0.436800
S.sp.DD04NZ_KQ968978.1	50000	52500	0.489200
S.sp.DD04NZ_KQ968978.1	52500	55000	0.341600
S.sp.DD04NZ_KQ968978.1	55000	57500	0.411600
S.sp.DD04NZ_KQ968978.1	57500	60000	0.368400
S.sp.DD04NZ_KQ968978.1	60000	62500	0.266000
S.sp.DD04NZ_KQ968978.1	62500	65000	0.474800
S.sp.DD04NZ_KQ968978.1	65000	67500	0.477200
S.sp.DD04NZ_KQ968978.1	67500	70000	0.482400
S.sp.DD04NZ_KQ968978.1	70000	72500	0.447600
S.sp.DD04NZ_KQ968978.1	72500	75000	0.224400
S.sp.DD04NZ_KQ968978.1	75000	77500	0.393200
S.sp.DD04NZ_KQ968978.1	77500	80000	0.376000
S.sp.DD04NZ_KQ968978.1	80000	82500	0.445200
S.sp.DD04NZ_KQ968978.1	82500	85000	0.444800
S.sp.DD04NZ_KQ968978.1	85000	87500	0.448800
S.sp.DD04NZ_KQ968978.1	87500	90000	0.396400
S.sp.DD04NZ_KQ968978.1	90000	92500	0.433600
S.sp.DD04NZ_KQ968978.1	92500	95000	0.436800
S.sp.DD04NZ_KQ968978.1	95000	97500	0.444800
S.sp.DD04NZ_KQ968978.1	97500	100000	0.396800
S.sp.DD04NZ_KQ968978.1	100000	102500	0.450400
S.sp.DD04NZ_KQ968978.1	102500	105000	0.459600
S.sp.DD04NZ_KQ968978.1	105000	107500	0.461200
S.sp.DD04NZ_KQ968978.1	107500	110000	0.496400
S.sp.DD04NZ_KQ968978.1	110000	112500	0.495200
S.sp.DD04NZ_KQ968978.1	112500	115000	0.454000
S.sp.DD04NZ_KQ968978.1	115000	117500	0.444800
S.sp.DD04NZ_KQ968978.1	117500	120000	0.359200
S.sp.DD04NZ_KQ968978.1	120000	122500	0.336400
S.sp.DD04NZ_KQ968978.1	122500	125000	0.466000
S.sp.DD04NZ_KQ968978.1	125000	127500	0.406800
S.sp.DD04NZ_KQ968978.1	127500	130000	0.457200
S.sp.DD04NZ_KQ968978.1	130000	132500	0.473600
S.sp.DD04NZ_KQ968978.1	132500	135000	0.396000
S.sp.DD04NZ_KQ968978.1	135000	137500	0.424800
S.sp.DD04NZ_KQ968978.1	137500	140000	0.408400
S.sp.DD04NZ_KQ968978.1	140000	142500	0.464400
S.sp.DD04NZ_KQ968978.1	142500	145000	0.414800
S.sp.DD04NZ_KQ968978.1	145000	147500	0.480800
S.sp.DD04NZ_KQ968978.1	147500	150000	0.378800
S.sp.DD04NZ_KQ968978.1	150000	152500	0.446000
S.sp.DD04NZ_KQ968978.1	152500	155000	0.470400
S.sp.DD04NZ_KQ968978.1	155000	157500	0.488000
S.sp.DD04NZ_KQ968978.1	157500	160000	0.393200
S.sp.DD04NZ_KQ968978.1	160000	162500	0.440400
S.sp.DD04NZ_KQ968978.1	162500	165000	0.451600
S.sp.DD04NZ_KQ968978.1	165000	167500	0.443200
S.sp.DD04NZ_KQ968978.1	167500	170000	0.442000
S.sp.DD04NZ_KQ968978.1	170000	172500	0.462400
S.sp.DD04NZ_KQ968978.1	172500	175000	0.426000
S.sp.DD04NZ_KQ968978.1	175000	177500	0.430400
S.sp.DD04NZ_KQ968978.1	177500	180000	0.441600
S.sp.DD04NZ_KQ968978.1	180000	182500	0.454400
S.sp.DD04NZ_KQ968978.1	182500	185000	0.438800
S.sp.DD04NZ_KQ968978.1	185000	187500	0.440400
S.sp.DD04NZ_KQ968978.1	187500	190000	0.388000
S.sp.DD04NZ_KQ968978.1	190000	192500	0.438800
S.sp.DD04NZ_KQ968978.1	192500	195000	0.431600
S.sp.DD04NZ_KQ968978.1	195000	197500	0.385600
S.sp.DD04NZ_KQ968978.1	197500	200000	0.412800
S.sp.DD04NZ_KQ968978.1	200000	202500	0.464800
S.sp.DD04NZ_KQ968978.1	202500	205000	0.451200
S.sp.DD04NZ_KQ968978.1	205000	207500	0.455200
S.sp.DD04NZ_KQ968978.1	207500	210000	0.392400
S.sp.DD04NZ_KQ968978.1	210000	212500	0.326800
S.sp.DD04NZ_KQ968978.1	212500	215000	0.474800
S.sp.DD04NZ_KQ968978.1	215000	217500	0.480000
S.sp.DD04NZ_KQ968978.1	217500	220000	0.471200
S.sp.DD04NZ_KQ968978.1	220000	222500	0.478800
S.sp.DD04NZ_KQ968978.1	222500	225000	0.375600
S.sp.DD04NZ_KQ968978.1	225000	227500	0.367600
S.sp.DD04NZ_KQ968978.1	227500	230000	0.341600
S.sp.DD04NZ_KQ968978.1	230000	232500	0.432800
S.sp.DD04NZ_KQ968978.1	232500	235000	0.464800
S.sp.DD04NZ_KQ968978.1	235000	237500	0.440800
S.sp.DD04NZ_KQ968978.1	237500	240000	0.460800
S.sp.DD04NZ_KQ968978.1	240000	242500	0.475600
S.sp.DD04NZ_KQ968978.1	242500	245000	0.454400
S.sp.DD04NZ_KQ968978.1	245000	247500	0.450000
S.sp.DD04NZ_KQ968978.1	247500	250000	0.399600
S.sp.DD04NZ_KQ968978.1	250000	252500	0.425200
S.sp.DD04NZ_KQ968978.1	252500	255000	0.477200
S.sp.DD04NZ_KQ968978.1	255000	257500	0.494800
S.sp.DD04NZ_KQ968978.1	257500	260000	0.410000
S.sp.DD04NZ_KQ968978.1	260000	262500	0.396800
S.sp.DD04NZ_KQ968978.1	262500	265000	0.420400
S.sp.DD04NZ_KQ968978.1	265000	267500	0.418400
S.sp.DD04NZ_KQ968978.1	267500	270000	0.444400
S.sp.DD04NZ_KQ968978.1	270000	272500	0.429600
S.sp.DD04NZ_KQ968978.1	272500	275000	0.430400
S.sp.DD04NZ_KQ968978.1	275000	277500	0.412000
S.sp.DD04NZ_KQ968978.1	277500	280000	0.430400
S.sp.DD04NZ_KQ968978.1	280000	282500	0.422400
S.sp.DD04NZ_KQ968978.1	282500	285000	0.426000
S.sp.DD04NZ_KQ968978.1	285000	287500	0.487200
S.sp.DD04NZ_KQ968978.1	287500	290000	0.275200
S.sp.DD04NZ_KQ968978.1	290000	292500	0.298400
S.sp.DD04NZ_KQ968978.1	292500	295000	0.399200
S.sp.DD04NZ_KQ968978.1	295000	297500	0.406400
S.sp.DD04NZ_KQ968978.1	297500	300000	0.405200
S.sp.DD04NZ_KQ968978.1	300000	302500	0.392800
S.sp.DD04NZ_KQ968978.1	302500	305000	0.151600
S.sp.DD04NZ_KQ968978.1	305000	307500	0.427600
S.sp.DD04NZ_KQ968978.1	307500	310000	0.436400
S.sp.DD04NZ_KQ968978.1	310000	312500	0.424000
S.sp.DD04NZ_KQ968978.1	312500	315000	0.429200
S.sp.DD04NZ_KQ968978.1	315000	317500	0.455200
S.sp.DD04NZ_KQ968978.1	317500	320000	0.424800
S.sp.DD04NZ_KQ968978.1	320000	322500	0.386400
S.sp.DD04NZ_KQ968978.1	322500	325000	0.415600
S.sp.DD04NZ_KQ968978.1	325000	327500	0.433200
S.sp.DD04NZ_KQ968978.1	327500	330000	0.402000
S.sp.DD04NZ_KQ968978.1	330000	332500	0.406800
S.sp.DD04NZ_KQ968978.1	332500	335000	0.419200
S.sp.DD04NZ_KQ968978.1	335000	337500	0.188000
S.sp.DD04NZ_KQ968978.1	337500	340000	0.410400
S.sp.DD04NZ_KQ968978.1	340000	342500	0.438800
S.sp.DD04NZ_KQ968978.1	342500	345000	0.441600
S.sp.DD04NZ_KQ968978.1	345000	347500	0.441200
S.sp.DD04NZ_KQ968978.1	347500	350000	0.420400
S.sp.DD04NZ_KQ968978.1	350000	352500	0.309200
S.sp.DD04NZ_KQ968978.1	352500	355000	0.360000
S.sp.DD04NZ_KQ968978.1	355000	357500	0.434800
S.sp.DD04NZ_KQ968978.1	357500	360000	0.400800
S.sp.DD04NZ_KQ968978.1	360000	362500	0.256400
S.sp.DD04NZ_KQ968978.1	362500	365000	0.408000
S.sp.DD04NZ_KQ968978.1	365000	367500	0.451200
S.sp.DD04NZ_KQ968978.1	367500	370000	0.272800
S.sp.DD04NZ_KQ968978.1	370000	372500	0.477600
S.sp.DD04NZ_KQ968978.1	372500	375000	0.154000
S.sp.DD04NZ_KQ968978.1	375000	377500	0.418000
S.sp.DD04NZ_KQ968978.1	377500	380000	0.433200
S.sp.DD04NZ_KQ968978.1	380000	382500	0.372400
S.sp.DD04NZ_KQ968978.1	382500	385000	0.281200
S.sp.DD04NZ_KQ968978.1	385000	387500	0.325200
S.sp.DD04NZ_KQ968978.1	387500	390000	0.377200
S.sp.DD04NZ_KQ968978.1	390000	392500	0.447200
S.sp.DD04NZ_KQ968978.1	392500	395000	0.191600
S.sp.DD04NZ_KQ968978.1	395000	397500	0.413200
S.sp.DD04NZ_KQ968978.1	397500	400000	0.452800
S.sp.DD04NZ_KQ968978.1	400000	402500	0.462400
S.sp.DD04NZ_KQ968978.1	402500	404855	0.395754
S.sp.DD04NZ_KQ968979.1	0	2500	0.382000
S.sp.DD04NZ_KQ968979.1	2500	5000	0.405600
S.sp.DD04NZ_KQ968979.1	5000	7500	0.428800
S.sp.DD04NZ_KQ968979.1	7500	10000	0.417600
S.sp.DD04NZ_KQ968979.1	10000	12500	0.439200
S.sp.DD04NZ_KQ968979.1	12500	15000	0.445600
S.sp.DD04NZ_KQ968979.1	15000	17500	0.432000
S.sp.DD04NZ_KQ968979.1	17500	20000	0.446800
S.sp.DD04NZ_KQ968979.1	20000	22500	0.467600
S.sp.DD04NZ_KQ968979.1	22500	25000	0.460800
S.sp.DD04NZ_KQ968979.1	25000	27500	0.408400
S.sp.DD04NZ_KQ968979.1	27500	30000	0.457200
S.sp.DD04NZ_KQ968979.1	30000	32500	0.476800
S.sp.DD04NZ_KQ968979.1	32500	35000	0.440800
S.sp.DD04NZ_KQ968979.1	35000	37500	0.435600
S.sp.DD04NZ_KQ968979.1	37500	40000	0.410000
S.sp.DD04NZ_KQ968979.1	40000	42500	0.442000
S.sp.DD04NZ_KQ968979.1	42500	45000	0.456800
S.sp.DD04NZ_KQ968979.1	45000	47500	0.437600
S.sp.DD04NZ_KQ968979.1	47500	50000	0.385200
S.sp.DD04NZ_KQ968979.1	50000	52500	0.368400
S.sp.DD04NZ_KQ968979.1	52500	55000	0.390800
S.sp.DD04NZ_KQ968979.1	55000	57500	0.352400
S.sp.DD04NZ_KQ968979.1	57500	60000	0.325200
S.sp.DD04NZ_KQ968979.1	60000	62500	0.283600
S.sp.DD04NZ_KQ968979.1	62500	65000	0.361600
S.sp.DD04NZ_KQ968979.1	65000	67500	0.349200
S.sp.DD04NZ_KQ968979.1	67500	70000	0.265600
S.sp.DD04NZ_KQ968979.1	70000	72500	0.319600
S.sp.DD04NZ_KQ968979.1	72500	75000	0.368800
S.sp.DD04NZ_KQ968979.1	75000	77500	0.387200
S.sp.DD04NZ_KQ968979.1	77500	80000	0.382800
S.sp.DD04NZ_KQ968979.1	80000	82500	0.368000
S.sp.DD04NZ_KQ968979.1	82500	85000	0.382400
S.sp.DD04NZ_KQ968979.1	85000	87500	0.350000
S.sp.DD04NZ_KQ968979.1	87500	90000	0.252800
S.sp.DD04NZ_KQ968979.1	90000	92500	0.469200
S.sp.DD04NZ_KQ968979.1	92500	95000	0.444800
S.sp.DD04NZ_KQ968979.1	95000	97500	0.442800
S.sp.DD04NZ_KQ968979.1	97500	100000	0.470400
S.sp.DD04NZ_KQ968979.1	100000	102500	0.451200
S.sp.DD04NZ_KQ968979.1	102500	105000	0.446400
S.sp.DD04NZ_KQ968979.1	105000	107500	0.378000
S.sp.DD04NZ_KQ968979.1	107500	110000	0.440400
S.sp.DD04NZ_KQ968979.1	110000	112500	0.220000
S.sp.DD04NZ_KQ968979.1	112500	115000	0.462800
S.sp.DD04NZ_KQ968979.1	115000	117500	0.464800
S.sp.DD04NZ_KQ968979.1	117500	120000	0.427600
S.sp.DD04NZ_KQ968979.1	120000	122500	0.410800
S.sp.DD04NZ_KQ968979.1	122500	125000	0.395600
S.sp.DD04NZ_KQ968979.1	125000	127500	0.404000
S.sp.DD04NZ_KQ968979.1	127500	130000	0.413200
S.sp.DD04NZ_KQ968979.1	130000	132500	0.422400
S.sp.DD04NZ_KQ968979.1	132500	135000	0.438000
S.sp.DD04NZ_KQ968979.1	135000	137500	0.467200
S.sp.DD04NZ_KQ968979.1	137500	140000	0.416000
S.sp.DD04NZ_KQ968979.1	140000	142500	0.296800
S.sp.DD04NZ_KQ968979.1	142500	145000	0.446400
S.sp.DD04NZ_KQ968979.1	145000	147500	0.395600
S.sp.DD04NZ_KQ968979.1	147500	150000	0.445600
S.sp.DD04NZ_KQ968979.1	150000	152500	0.417600
S.sp.DD04NZ_KQ968979.1	152500	155000	0.457600
S.sp.DD04NZ_KQ968979.1	155000	157500	0.436000
S.sp.DD04NZ_KQ968979.1	157500	160000	0.464400
S.sp.DD04NZ_KQ968979.1	160000	162500	0.433600
S.sp.DD04NZ_KQ968979.1	162500	165000	0.416000
S.sp.DD04NZ_KQ968979.1	165000	167500	0.430800
S.sp.DD04NZ_KQ968979.1	167500	170000	0.316000
S.sp.DD04NZ_KQ968979.1	170000	172500	0.464400
S.sp.DD04NZ_KQ968979.1	172500	175000	0.477600
S.sp.DD04NZ_KQ968979.1	175000	177500	0.428000
S.sp.DD04NZ_KQ968979.1	177500	180000	0.427600
S.sp.DD04NZ_KQ968979.1	180000	182500	0.432400
S.sp.DD04NZ_KQ968979.1	182500	185000	0.371200
S.sp.DD04NZ_KQ968979.1	185000	187500	0.414400
S.sp.DD04NZ_KQ968979.1	187500	190000	0.460000
S.sp.DD04NZ_KQ968979.1	190000	192500	0.403600
S.sp.DD04NZ_KQ968979.1	192500	195000	0.441600
S.sp.DD04NZ_KQ968979.1	195000	197500	0.456000
S.sp.DD04NZ_KQ968979.1	197500	200000	0.323200
S.sp.DD04NZ_KQ968979.1	200000	202500	0.442400
S.sp.DD04NZ_KQ968979.1	202500	205000	0.471200
S.sp.DD04NZ_KQ968979.1	205000	207500	0.437600
S.sp.DD04NZ_KQ968979.1	207500	210000	0.466800
S.sp.DD04NZ_KQ968979.1	210000	212500	0.454400
S.sp.DD04NZ_KQ968979.1	212500	215000	0.444800
S.sp.DD04NZ_KQ968979.1	215000	217500	0.465200
S.sp.DD04NZ_KQ968979.1	217500	220000	0.456000
S.sp.DD04NZ_KQ968979.1	220000	222500	0.436400
S.sp.DD04NZ_KQ968979.1	222500	225000	0.440400
S.sp.DD04NZ_KQ968979.1	225000	227500	0.441200
S.sp.DD04NZ_KQ968979.1	227500	230000	0.402000
S.sp.DD04NZ_KQ968979.1	230000	232500	0.411600
S.sp.DD04NZ_KQ968979.1	232500	235000	0.263600
S.sp.DD04NZ_KQ968979.1	235000	237500	0.184800
S.sp.DD04NZ_KQ968979.1	237500	240000	0.360800
S.sp.DD04NZ_KQ968979.1	240000	242500	0.382400
S.sp.DD04NZ_KQ968979.1	242500	245000	0.395200
S.sp.DD04NZ_KQ968979.1	245000	247500	0.282400
S.sp.DD04NZ_KQ968979.1	247500	250000	0.270000
S.sp.DD04NZ_KQ968979.1	250000	252500	0.387200
S.sp.DD04NZ_KQ968979.1	252500	255000	0.406400
S.sp.DD04NZ_KQ968979.1	255000	257500	0.415600
S.sp.DD04NZ_KQ968979.1	257500	260000	0.417600
S.sp.DD04NZ_KQ968979.1	260000	262500	0.428000
S.sp.DD04NZ_KQ968979.1	262500	265000	0.271600
S.sp.DD04NZ_KQ968979.1	265000	267500	0.260800
S.sp.DD04NZ_KQ968979.1	267500	270000	0.451200
S.sp.DD04NZ_KQ968979.1	270000	271665	0.425225
S.sp.DD04NZ_KQ968980.1	0	2500	0.480400
S.sp.DD04NZ_KQ968980.1	2500	5000	0.479600
S.sp.DD04NZ_KQ968980.1	5000	7500	0.451200
S.sp.DD04NZ_KQ968980.1	7500	10000	0.425200
S.sp.DD04NZ_KQ968980.1	10000	12500	0.410400
S.sp.DD04NZ_KQ968980.1	12500	15000	0.405200
S.sp.DD04NZ_KQ968980.1	15000	17500	0.356800
S.sp.DD04NZ_KQ968980.1	17500	20000	0.320800
S.sp.DD04NZ_KQ968980.1	20000	22500	0.280400
S.sp.DD04NZ_KQ968980.1	22500	25000	0.294400
S.sp.DD04NZ_KQ968980.1	25000	27500	0.352800
S.sp.DD04NZ_KQ968980.1	27500	30000	0.395200
S.sp.DD04NZ_KQ968980.1	30000	32500	0.400400
S.sp.DD04NZ_KQ968980.1	32500	35000	0.434400
S.sp.DD04NZ_KQ968980.1	35000	37500	0.455600
S.sp.DD04NZ_KQ968980.1	37500	40000	0.410800
S.sp.DD04NZ_KQ968980.1	40000	42500	0.428800
S.sp.DD04NZ_KQ968980.1	42500	45000	0.387600
S.sp.DD04NZ_KQ968980.1	45000	47500	0.430000
S.sp.DD04NZ_KQ968980.1	47500	50000	0.424800
S.sp.DD04NZ_KQ968980.1	50000	52500	0.416400
S.sp.DD04NZ_KQ968980.1	52500	55000	0.470000
S.sp.DD04NZ_KQ968980.1	55000	57500	0.280800
S.sp.DD04NZ_KQ968980.1	57500	60000	0.449200
S.sp.DD04NZ_KQ968980.1	60000	62500	0.435600
S.sp.DD04NZ_KQ968980.1	62500	65000	0.405200
S.sp.DD04NZ_KQ968980.1	65000	67500	0.438000
S.sp.DD04NZ_KQ968980.1	67500	70000	0.395200
S.sp.DD04NZ_KQ968980.1	70000	72500	0.429600
S.sp.DD04NZ_KQ968980.1	72500	75000	0.410800
S.sp.DD04NZ_KQ968980.1	75000	77500	0.419200
S.sp.DD04NZ_KQ968980.1	77500	80000	0.448800
S.sp.DD04NZ_KQ968980.1	80000	82500	0.334000
S.sp.DD04NZ_KQ968980.1	82500	85000	0.322000
S.sp.DD04NZ_KQ968980.1	85000	87500	0.374400
S.sp.DD04NZ_KQ968980.1	87500	90000	0.500000
S.sp.DD04NZ_KQ968980.1	90000	92500	0.452800
S.sp.DD04NZ_KQ968980.1	92500	95000	0.407200
S.sp.DD04NZ_KQ968980.1	95000	97500	0.400800
S.sp.DD04NZ_KQ968980.1	97500	100000	0.260400
S.sp.DD04NZ_KQ968980.1	100000	102500	0.448400
S.sp.DD04NZ_KQ968980.1	102500	105000	0.359600
S.sp.DD04NZ_KQ968980.1	105000	107500	0.422400
S.sp.DD04NZ_KQ968980.1	107500	110000	0.444000
S.sp.DD04NZ_KQ968980.1	110000	112500	0.463600
S.sp.DD04NZ_KQ968980.1	112500	115000	0.464800
S.sp.DD04NZ_KQ968980.1	115000	117500	0.432800
S.sp.DD04NZ_KQ968980.1	117500	120000	0.450400
S.sp.DD04NZ_KQ968980.1	120000	122500	0.296800
S.sp.DD04NZ_KQ968980.1	122500	125000	0.449600
S.sp.DD04NZ_KQ968980.1	125000	127500	0.427600
S.sp.DD04NZ_KQ968980.1	127500	130000	0.409600
S.sp.DD04NZ_KQ968980.1	130000	132500	0.424000
S.sp.DD04NZ_KQ968980.1	132500	135000	0.437600
S.sp.DD04NZ_KQ968980.1	135000	137500	0.433200
S.sp.DD04NZ_KQ968980.1	137500	140000	0.384400
S.sp.DD04NZ_KQ968980.1	140000	142500	0.426800
S.sp.DD04NZ_KQ968980.1	142500	145000	0.379200
S.sp.DD04NZ_KQ968980.1	145000	147500	0.308400
S.sp.DD04NZ_KQ968980.1	147500	150000	0.388000
S.sp.DD04NZ_KQ968980.1	150000	152500	0.342400
S.sp.DD04NZ_KQ968980.1	152500	155000	0.360400
S.sp.DD04NZ_KQ968980.1	155000	157500	0.368800
S.sp.DD04NZ_KQ968980.1	157500	160000	0.370400
S.sp.DD04NZ_KQ968980.1	160000	162500	0.369600
S.sp.DD04NZ_KQ968980.1	162500	165000	0.342400
S.sp.DD04NZ_KQ968980.1	165000	167500	0.310400
S.sp.DD04NZ_KQ968980.1	167500	170000	0.343200
S.sp.DD04NZ_KQ968980.1	170000	172500	0.320400
S.sp.DD04NZ_KQ968980.1	172500	175000	0.391600
S.sp.DD04NZ_KQ968980.1	175000	177500	0.397600
S.sp.DD04NZ_KQ968980.1	177500	180000	0.369600
S.sp.DD04NZ_KQ968980.1	180000	182500	0.386000
S.sp.DD04NZ_KQ968980.1	182500	185000	0.411200
S.sp.DD04NZ_KQ968980.1	185000	186049	0.350810
S.sp.DD04NZ_KQ968981.1	0	2500	0.213600
S.sp.DD04NZ_KQ968981.1	2500	5000	0.306000
S.sp.DD04NZ_KQ968981.1	5000	7500	0.411200
S.sp.DD04NZ_KQ968981.1	7500	10000	0.416800
S.sp.DD04NZ_KQ968981.1	10000	12500	0.402800
S.sp.DD04NZ_KQ968981.1	12500	15000	0.426000
S.sp.DD04NZ_KQ968981.1	15000	17500	0.440400
S.sp.DD04NZ_KQ968981.1	17500	20000	0.262000
S.sp.DD04NZ_KQ968981.1	20000	22500	0.444000
S.sp.DD04NZ_KQ968981.1	22500	25000	0.461600
S.sp.DD04NZ_KQ968981.1	25000	27500	0.488800
S.sp.DD04NZ_KQ968981.1	27500	30000	0.312400
S.sp.DD04NZ_KQ968981.1	30000	32500	0.291600
S.sp.DD04NZ_KQ968981.1	32500	35000	0.499200
S.sp.DD04NZ_KQ968981.1	35000	37500	0.426400
S.sp.DD04NZ_KQ968981.1	37500	40000	0.464400
S.sp.DD04NZ_KQ968981.1	40000	42500	0.427600
S.sp.DD04NZ_KQ968981.1	42500	45000	0.406400
S.sp.DD04NZ_KQ968981.1	45000	47500	0.337600
S.sp.DD04NZ_KQ968981.1	47500	50000	0.308400
S.sp.DD04NZ_KQ968981.1	50000	52500	0.367600
S.sp.DD04NZ_KQ968981.1	52500	55000	0.328000
S.sp.DD04NZ_KQ968981.1	55000	57500	0.370400
S.sp.DD04NZ_KQ968981.1	57500	60000	0.416000
S.sp.DD04NZ_KQ968981.1	60000	62500	0.416800
S.sp.DD04NZ_KQ968981.1	62500	65000	0.450800
S.sp.DD04NZ_KQ968981.1	65000	67500	0.453600
S.sp.DD04NZ_KQ968981.1	67500	70000	0.418400
S.sp.DD04NZ_KQ968981.1	70000	72500	0.431600
S.sp.DD04NZ_KQ968981.1	72500	75000	0.430800
S.sp.DD04NZ_KQ968981.1	75000	77500	0.459600
S.sp.DD04NZ_KQ968981.1	77500	80000	0.371200
S.sp.DD04NZ_KQ968981.1	80000	82500	0.489200
S.sp.DD04NZ_KQ968981.1	82500	85000	0.430800
S.sp.DD04NZ_KQ968981.1	85000	87500	0.147200
S.sp.DD04NZ_KQ968981.1	87500	90000	0.407600
S.sp.DD04NZ_KQ968981.1	90000	92500	0.454400
S.sp.DD04NZ_KQ968981.1	92500	95000	0.419600
S.sp.DD04NZ_KQ968981.1	95000	97500	0.436800
S.sp.DD04NZ_KQ968981.1	97500	100000	0.441600
S.sp.DD04NZ_KQ968981.1	100000	102500	0.364000
S.sp.DD04NZ_KQ968981.1	102500	105000	0.184800
S.sp.DD04NZ_KQ968981.1	105000	106762	0.318388
S.sp.DD04NZ_KQ968982.1	0	2500	0.394000
S.sp.DD04NZ_KQ968982.1	2500	5000	0.363200
S.sp.DD04NZ_KQ968982.1	5000	7500	0.338800
S.sp.DD04NZ_KQ968982.1	7500	10000	0.373600
S.sp.DD04NZ_KQ968982.1	10000	12500	0.440400
S.sp.DD04NZ_KQ968982.1	12500	15000	0.462800
S.sp.DD04NZ_KQ968982.1	15000	17500	0.474000
S.sp.DD04NZ_KQ968982.1	17500	20000	0.436800
S.sp.DD04NZ_KQ968982.1	20000	22500	0.347200
S.sp.DD04NZ_KQ968982.1	22500	25000	0.408000
S.sp.DD04NZ_KQ968982.1	25000	27500	0.414800
S.sp.DD04NZ_KQ968982.1	27500	30000	0.425600
S.sp.DD04NZ_KQ968982.1	30000	32500	0.463200
S.sp.DD04NZ_KQ968982.1	32500	35000	0.403600
S.sp.DD04NZ_KQ968982.1	35000	37500	0.456400
S.sp.DD04NZ_KQ968982.1	37500	40000	0.411200
S.sp.DD04NZ_KQ968982.1	40000	42500	0.458000
S.sp.DD04NZ_KQ968982.1	42500	45000	0.451600
S.sp.DD04NZ_KQ968982.1	45000	47500	0.438400
S.sp.DD04NZ_KQ968982.1	47500	50000	0.474800
S.sp.DD04NZ_KQ968982.1	50000	52500	0.420400
S.sp.DD04NZ_KQ968982.1	52500	55000	0.280800
S.sp.DD04NZ_KQ968982.1	55000	57500	0.282800
S.sp.DD04NZ_KQ968982.1	57500	60000	0.455600
S.sp.DD04NZ_KQ968982.1	60000	62500	0.430400
S.sp.DD04NZ_KQ968982.1	62500	65000	0.488000
S.sp.DD04NZ_KQ968982.1	65000	67500	0.438800
S.sp.DD04NZ_KQ968982.1	67500	70000	0.441600
S.sp.DD04NZ_KQ968982.1	70000	72500	0.419200
S.sp.DD04NZ_KQ968982.1	72500	75000	0.434400
S.sp.DD04NZ_KQ968982.1	75000	77500	0.397200
S.sp.DD04NZ_KQ968982.1	77500	80000	0.443600
S.sp.DD04NZ_KQ968982.1	80000	82500	0.295200
S.sp.DD04NZ_KQ968982.1	82500	85000	0.464800
S.sp.DD04NZ_KQ968982.1	85000	87500	0.462000
S.sp.DD04NZ_KQ968982.1	87500	90000	0.444000
S.sp.DD04NZ_KQ968982.1	90000	92500	0.440000
S.sp.DD04NZ_KQ968982.1	92500	95000	0.378400
S.sp.DD04NZ_KQ968982.1	95000	97500	0.187200
S.sp.DD04NZ_KQ968982.1	97500	98271	0.418936
S.sp.DD04NZ_KQ968983.1	0	2500	0.371600
S.sp.DD04NZ_KQ968983.1	2500	5000	0.462800
S.sp.DD04NZ_KQ968983.1	5000	7500	0.465600
S.sp.DD04NZ_KQ968983.1	7500	10000	0.434400
S.sp.DD04NZ_KQ968983.1	10000	12500	0.356000
S.sp.DD04NZ_KQ968983.1	12500	15000	0.344400
S.sp.DD04NZ_KQ968983.1	15000	17117	0.380727
S.sp.DD04NZ_KQ968984.1	0	2500	0.498400
S.sp.DD04NZ_KQ968984.1	2500	5000	0.508400
S.sp.DD04NZ_KQ968984.1	5000	5243	0.370370
S.sp.DD04NZ_KQ968985.1	0	2500	0.351200
S.sp.DD04NZ_KQ968985.1	2500	5000	0.368800
S.sp.DD04NZ_KQ968985.1	5000	5450	0.426667
S.sp.DD04NZ_KQ968986.1	0	1485	0.418855
S.sp.DD04NZ_KQ968987.1	0	1379	0.419144
S.sp.DD04NZ_KQ968988.1	0	1317	0.409263
S.sp.DD04NZ_KQ968989.1	0	1213	0.410552
S.sp.DD04NZ_KQ968990.1	0	915	0.463388
S.sp.DD04NZ_KQ968991.1	0	773	0.419146
S.sp.DD04NZ_KQ968992.1	0	763	0.478375
S.sp.DD04NZ_KQ968993.1	0	730	0.428767
S.sp.DD04NZ_KQ968994.1	0	669	0.508221
S.sp.DD04NZ_KQ968995.1	0	621	0.423510
S.sp.DD04NZ_KQ968996.1	0	588	0.445578
S.sp.DD04NZ_KQ968997.1	0	558	0.462366
S.sp.DD04NZ_KQ968998.1	0	554	0.402527
S.sp.DD04NZ_KQ968999.1	0	485	0.371134
S.sp.DD04NZ_KQ969000.1	0	466	0.489270
S.sp.DD04NZ_KQ969001.1	0	443	0.440181
S.sp.DD04NZ_KQ969002.1	0	434	0.407834
S.sp.DD04NZ_KQ969003.1	0	434	0.423963
S.sp.DD04NZ_KQ969004.1	0	433	0.415704
S.sp.DD04NZ_KQ969005.1	0	430	0.397674
S.sp.DD04NZ_KQ969006.1	0	415	0.368675
S.sp.DD04NZ_KQ969007.1	0	408	0.384804
S.sp.DD04NZ_KQ969008.1	0	391	0.409207
S.sp.DD04NZ_KQ969009.1	0	390	0.451282
S.sp.DD04NZ_KQ969010.1	0	387	0.377261
S.sp.DD04NZ_KQ969011.1	0	370	0.459459
S.sp.DD04NZ_KQ969012.1	0	360	0.405556
S.sp.DD04NZ_KQ969013.1	0	347	0.403458
S.sp.DD04NZ_KQ969014.1	0	346	0.378613
S.sp.DD04NZ_KQ969015.1	0	329	0.294833
S.sp.DD04NZ_KQ969016.1	0	322	0.419255
S.sp.DD04NZ_KQ969017.1	0	311	0.350482
S.sp.DD04NZ_KQ969018.1	0	310	0.319355
S.sp.DD04NZ_KQ969019.1	0	306	0.372549
S.sp.DD04NZ_KQ969020.1	0	296	0.513514
S.sp.DD04NZ_KQ969021.1	0	272	0.352941
S.sp.DD04NZ_KQ969022.1	0	267	0.423221
S.sp.DD04NZ_KQ969023.1	0	267	0.520599
S.sp.DD04NZ_KQ969024.1	0	262	0.404580
S.sp.DD04NZ_KQ969025.1	0	255	0.321569
S.sp.DD04NZ_KQ969026.1	0	254	0.385827
S.sp.DD04NZ_KQ969027.1	0	244	0.479508
S.sp.DD04NZ_KQ969028.1	0	241	0.502075
S.sp.DD04NZ_KQ969029.1	0	229	0.454148
S.sp.DD04NZ_KQ969030.1	0	223	0.479821
S.sp.DD04NZ_KQ969031.1	0	221	0.398190
S.sp.DD04NZ_KQ969032.1	0	219	0.502283
S.sp.DD04NZ_KQ969033.1	0	219	0.456621
S.sp.DD04NZ_KQ969034.1	0	214	0.406542
S.sp.DD04NZ_KQ969035.1	0	214	0.406542
S.sp.DD04NZ_KQ969036.1	0	206	0.393204
