Genomic Island	16811_Medieval_SpitalSquare_NRF88	16813_Medieval_SpitalSquare_NRF88	16814_Medieval_SpitalSquare_NRF88	16818_Medieval_SpitalSquare_NRF88	16821_Medieval_SpitalSquare_NRF88	16825_Medieval_SpitalSquare_NRF88	16828_Medieval_SpitalSquare_SSQ88	16829_Medieval_SpitalSquare.SSQ88	16830_Medieval_SpitalSquare.SSQ88	16839_Medieval_MertonPriory_MPY86	16847_Medieval_MertonPriory_MPY86	16850_Medieval_MertonPriory_MPY86	16853_Medieval_MertonPriory_MPY86	16860_Medieval_MertonPriory_MPY86	16862_Medieval_MertonPriory_MPY86	16873_Medieval_MertonPriory_MPY86	16881_Medieval_MertonPriory_MPY86	16886_Medieval_MertonPriory_MPY86	16887_Medieval_MertonPriory_MPY86	16897_PostMedieval_CrossBones_REW92	16901_PostMedieval_CrossBones_REW92	16906_PostMedieval_StBenetSherehog_ONE94	16913_Medieval_StBenetSherehog_ONE94	16914_Medieval_StBenetSherehog_ONE94	16916_Medieval_StBenetSherehog_ONE94	16918_Medieval_StBenetSherehog_ONE94	16936_Medieval_MertonPriory_MPY86	16937_Medieval_StMaryGraces_MIN86	16942_Medieval_StMaryGraces_MIN86	16955_Medieval_GuildhallYard_GYE92	18502_Pictish3	BreedonOnTheHill12857	BreedonOnTheHill12861	Hinxton16489	IsleOfPamona15920	Linton16499	Oakington15810	Oakington16500	Raunds8338	Raunds8346	Raunds8347	StBrides12850	StBrides12866	StBrides12867	StHelensOnWalls8873	StHelensOnWalls8875	StNiniansIsle15928	StNiniansIsle15929	Yorkshire8892	Yorkshire8893	Yorkshire8895
GI-10	0.6250898	0.9092215	0.6002667	0.8015181	0.6684788	0.5130783	0.6114473	0.806134	0.8564981	0.8542415	0.8588573	0.6730947	0.4609703	0.6435532	0.5865217	0.7739255	0.4913324	0.7731049	0.8478819	0.7817212	0.6457072	0.7549492	0.5127705	0.7985435	0.5308236	0.8601908	0.7740281	0.5833419	0.7523848	0.8690122	0.6131911	0.9013232	0.8055185	0.9540465	0.7240742	0.609601	0.8939378	0.863268	0.7469484	0.8783465	0.6657093	0.7356652	0.613704	0.8542415	0.8345472	0.9253257	0.7474613	0.5191302	0.912709	0.929839	0.9388655
GI-11	0.7002551	0.7891837	0.747449	0.807398	0.6185714	0.6854082	0.7280102	0.8221939	0.8041326	0.8512245	0.5908673	0.7218367	0.6071429	0.5941327	0.7847959	0.8214796	0.6552551	0.6764286	0.7957143	0.680051	0.675	0.7853061	0.6123469	0.7714286	0.5578572	0.5135714	0.689898	0.6813775	0.7266327	0.8285714	0.7445918	0.8542347	0.7091837	0.8668877	0.6961225	0.5830102	0.842347	0.8432143	0.7159184	0.7990816	0.7336735	0.7172449	0.610051	0.7411734	0.6860204	0.8413776	0.7283673	0.6927551	0.8455612	0.8092347	0.8609694
GI-12	0.0998425	0.2719575	0	0.0931469	0.073651	0.1325325	0	0.1825522	0.1874754	0.1681764	0.0734541	0.1559669	0.1309571	0.1136274	0.1014179	0	0.0970855	0.3487594	0.5752265	0.120323	0.0994486	0	0.1155967	0.1506499	0.0387948	0	0	0.0500197	0.0730603	0.2006696	0.1163844	0.1291847	0.0602599	0.0813312	0.0886176	0.1455297	0.1043718	0.1043718	0.1112643	0.1112643	0.0100433	0.319811	0.0827097	0.1736904	0.1317448	0	0	0	0.188657	0	0.1914139
GI-14	0.549481	0.7225902	0.4576701	0.7981545	0.3866864	0.3323776	0.6824847	0.3688252	0.5303015	0.1884001	0.4566815	0.3550832	0.4941506	0.4506179	0.274378	0.6748723	0.3478332	0.5345856	0.5492173	0.5857308	0.2135772	0.7671445	0.5208766	0.3935409	0.4230022	0.3430878	0.7319493	0.5575218	0.5201845	0.3736365	0.1264129	0.76609	0.5214698	0.8624815	0.659977	0.5569616	0.7773933	0.7312242	0.6292305	0.5605536	0.5757785	0.6380953	0.5748228	0.7493492	0.6402043	0.7290163	0.7140551	0	0.7702422	0.7396276	0.8378646
GI-15-1	0.0008985	0.0134771	0.0224618	0	0.0781671	0	0	0.7987421	0	0.034142	0.0718778	0.0053908	0.017071	0	0.2093441	0.0125786	0.2246182	0.3809524	0.0925427	0.0431267	0	0	0.0754717	0	0.0916442	0.0790656	0	0.049416	0.0431267	0.0089847	0.0979335	0.1051213	0	0.1230907	0.0592992	0.0404313	0.032345	0.0143756	0.0673854	0.0862534	0.0449236	0	0	0	0.0907457	0.0161725	0.0179695	0.1150045	0.015274	0.0053908	0.1275831
GI-15-2	0	0.4793956	0	1	0	0	0	0	0.5370879	0	0.5782967	0	0	0.0068681	0	0	0	0.3722527	0.0851648	0	0.9244506	0	0	0.8956044	0	0	0	0	0	1	0	0	0.2596154	0	0.5549451	0	0	0	0	0	0	0.010989	0.228022	0.1002747	0.3173077	0	0	0	0	0	0
GI-16-1	0.012105	0.0586787	0	0	0	0.0266721	0	0	0.0036931	0.0026672	0	0	0.319245	0.3362741	0	0	0	0.1717275	0.1159212	0.1637259	0	0.012105	0.0383668	0	0.044522	0.2942142	0	0	0.0114895	0	0	0	0.1971686	0.4622487	0.0041034	0	0.0871974	0.0133361	0	0.3904391	0	0.0865819	0	0.0791957	0.0767337	0.2209684	0.0022569	0.026467	0	0.0281083	0.0527288
GI-16-2	0.1539961	0.8927875	0.5935673	0.3879142	0.7378168	0.8118908	0.1062378	0.7134503	0.5526316	0.1549708	0.1247563	0.1559454	0.6890838	0.4551657	0.1062378	0.6890838	0	0.6296296	0.8226121	0.4473684	0.2417154	0.794347	0.5136452	0.2738791	0.2699805	0.1608187	0.2592593	0.8079922	0.4814815	0.0877193	0.0380117	0.8187134	0.4736842	0.7982456	0.0584795	0.0916179	0.662768	0.3567252	0.0730994	0.5916179	0.3226121	0.1539961	0.1500975	0.297271	0.1179337	0.6842105	0.2046784	0.3625731	0.7768031	0.2134503	0.2719298
GI-17	0.1635611	0.7464261	0.1934339	0.7738342	0.4150646	0.2725032	0.6303855	0.4810214	0.8637484	0.0121266	0.4599231	0.0260278	0.0127181	0	0.0587597	0.7261165	0	0.5916396	0.4158533	0.5989352	0.5780341	0.741398	0.4642611	0.0369713	0.2210391	0.4314305	0.7906931	0.1762792	0.6919057	0.3523612	0.0102534	0.7267081	0.0654639	0.3146012	0.540767	0.5126688	0.6726807	0.5019225	0.5743863	0.0094647	0	0.426994	0.3666568	0.7443557	0.0350981	0.7020605	0.4333037	0	0.0101548	0.0419008	0.0378586
GI-18	0.0866004	0.4256396	0.2852936	0.4895086	0.0651574	0.3149273	0.5300938	0.2065157	0.0995767	0.0372722	0.033591	0.0521811	0.1698877	0.0080066	0	0.2301675	0.3062765	0.3192527	0.0251242	0.2037548	0.0163814	0.5764771	0	0.3612185	0.1489048	0	0.0696668	0.15231	0.3093134	0.1581079	0.3848702	0.5196024	0.170716	0.2735137	0.1431069	0.0356157	0.3782441	0.5239279	0.1429229	0.4803056	0.1045463	0.100681	0.5088349	0.6946439	0.103626	0.2943125	0.1994294	0.0554942	0.0157372	0.0406773	0.5402172
GI-19	0.8076099	0.8633857	0.8011392	0.8234677	0.7684211	0.7845523	0.8233766	0.8326726	0.827979	0.8621098	0.7377079	0.8193666	0.72144	0.7060378	0.7925268	0.8287081	0.710139	0.8124402	0.8577808	0.7977216	0.7537025	0.8345409	0.7463204	0.8328549	0.7151515	0.7406698	0.8106174	0.7787195	0.807291	0.8606972	0.7981317	0.8700843	0.7859649	0.8768284	0.7685122	0.7317384	0.8603782	0.8524493	0.8342219	0.8320346	0.7750285	0.7363409	0.6860332	0.7961723	0.8039644	0.858191	0.7924812	0.7599453	0.8694919	0.8165869	0.8624744
GI-1-	0.1262903	0.0635484	0.0496774	0.0132258	0.3195161	0.1719355	0.5616129	0.1870968	0.428871	0.2159677	0.1535484	0.42	0.0227419	0.0593548	0.278871	0.0169355	0.3619355	0.0743548	0.1975807	0.0380645	0	0	0.1498387	0.2574193	0.0930645	0.2024194	0	0.0127419	0	0.0170968	0	0.0112903	0.036129	0.3174194	0.2122581	0	0.1053226	0.1208064	0	0.006129	0	0.0108065	0	0.1306452	0.3885484	0.028871	0	0	0.1346774	0	0.1145161
GI-20	0.0579297	0.042735	0	0	0	0	0	0	0.0163026	0	0	0	0	0	0	0.012504	0	0.0072808	0.0232669	0	0	0	0	0	0	0	0	0	0	0	0	0	0	0	0	0	0.16176	0.011396	0	0.0601456	0	0	0	0	0.0083887	0.0707502	0	0	0	0.0527066	0.0384615
GI-21-1	0.4563206	0.4997233	0.3941814	0.5272353	0.473318	0.3770258	0.3573405	0.49245	0.5674757	0.5070757	0.4834374	0.4505495	0.3241363	0.4095976	0.4084117	0.4809866	0.3219227	0.4420112	0.5078663	0.4518144	0.5588584	0.4649379	0.3464305	0.4549767	0.3314096	0.4080955	0.4056447	0.3243735	0.5374338	0.5315835	0.5189343	0.6393391	0.5069966	0.6854297	0.4476243	0.3291169	0.5264448	0.5853427	0.4059609	0.5409914	0.4294411	0.4363191	0.5032809	0.6402087	0.595383	0.5458139	0.4290458	0.4611432	0.5806783	0.5672385	0.6232113
GI-21-2	0.1151365	0.0228288	0.0223325	0.0119107	0	0	0.1200993	0.2119107	0.0158809	0	0.0133995	0	0	0	0	0	0	0	0.0208437	0.0208437	0.0555831	0.0104218	0	0	0	0.0258065	0	0	0.2397022	0.0109181	0.9404467	0.0456576	0.0039702	0.1771712	0.0124069	0.0054591	0	0.0129032	0	0.02134	0.0258065	0.0203474	0	0.0674938	0.0272953	0	0.271464	0	0.4272953	0.0253102	0.0342432
GI-22	0.0356988	0.0159903	0.0041744	0.007596	0	0.0065239	0	0.0011405	0	0	0	0.0016652	0	0	0	0	0	0.0239513	0.0053377	0.032665	0.1731791	0	0.0005475	0.0005475	0	0	0	0.0176327	0.0431579	0	0.0846507	0	0.0041287	0.0012774	0.0018933	0	0	0.0401925	0	0.0054746	0.0058395	0.0203016	0.0890759	0.1225849	0	0.0016652	0.0050412	0	0	0.0011862	0
GI-23	0	0.0655738	0	0	0.1836066	0	0	0.1300546	0	0.1994535	0	0	0.0213115	0	0.1991803	0	0.6180328	0.4904372	0	0.6833333	0.0912568	0.5199454	0	0.2628415	0.0234973	0.0489071	0.0620219	0	0.0920765	0.1642077	0.0937158	0.2218579	0	0.4180328	0.0349727	0.0103825	0.0314208	0.1978142	0	0	0.5180328	0	0	0.134153	0.1046448	0.0188525	0.334153	0.6797814	0	0.1101093	0.0428962
GI-24	0.0728671	0	0.0574881	0.0849506	0.0801904	0.2588795	0.2943977	0.3020872	0.1347492	0.3321128	0	0.3068473	0.0358843	0.0443061	0.1863786	0	0.1281582	0.0501648	0.3958257	0.178323	0.2592457	0.0966679	0.0897107	0.2325156	0.0303918	0	0.0179421	0.0805566	0.1691688	0.3705602	0	0.2724277	0.0516294	0.3658001	0.1292567	0	0.0190406	0.3365068	0.2629074	0.2793849	0.123398	0.0589528	0.0183083	0.0476016	0.266569	0.306115	0.0754302	0	0	0.2976932	0.3101428
GI-25	0	0	0	0	0	0	0	0.2542373	0.2426405	0.8394291	0	0	0	0	0.7341659	0	0.2265834	0	0	0	0	0	0.4870651	0.1293488	0	0.0954505	0	0	0.1150758	0	0	0	0	0.2854594	0	0	0.1364853	0	0.0945584	0	0	0.1971454	0	0	0.0579839	0	0.2310437	0	0	0.0428189	0
GI-26	0.1098081	0.1119403	0.054371	0.2739872	0.4914712	0.119403	0.3667378	0.3901919	0.4712153	0.2302772	0.098081	0.1279318	0	0	0.1705757	0.0852878	0.1034115	0.303838	0.0565032	0.7121535	0.1791045	0.5703624	0.1076759	0.2942431	0.04371	0.2729211	0.3656716	0.2878465	0.1918977	0.2942431	0	0.1982942	0.1215352	0.2547974	0.1577825	0	0.1396589	0.1140725	0.1407249	0.130064	0.0692964	0.1353945	0.130064	0.7867804	0.4989339	0.3304904	0.1855011	0.4584222	0.0490405	0.1428571	0.1865672
GI-27	0.1806283	0.5340314	0.2159686	0.6793194	0.289267	0.0811518	0.421466	1	0.356021	0.4581152	0.0484293	0.539267	0.2264398	0.2251309	0.1649215	0.2133508	0.1897906	0.2198953	0.2709424	0.0863874	0.2382199	0.5248691	0.0719895	0.1295812	0.6596859	0.3704188	0.197644	0.289267	0.0301047	0.5981675	0.2081152	0.6662304	0.4554974	0.8952879	0.3442408	0.2774869	0.8049738	0.684555	0.1505236	0.6034032	0.4450262	0.2002618	0.3599477	0.5091623	0.2198953	0.408377	0.4005236	0.3232984	0.7277487	0.4162304	0.4685864
GI-28	0.175	0.2502252	0.2626126	0.0632883	0.3281532	0.5051802	0.2763514	0.8400901	0.4993243	0.5567567	0.4065315	0.5774775	0.3488739	0.2015766	0.1786036	0.2538288	0.3123874	0.25	0.7637388	0.1740991	0.3218468	0.3849099	0.2216216	0.3110361	0.0675676	0.3664414	0.2135135	0.1315315	0.284009	0.5166667	0.3650901	0.4876126	0.3772523	0.5542793	0.3472973	0.0689189	0.3164414	0.3042793	0.2407658	0.3128378	0.2083333	0.2461712	0.1076577	0.3416667	0.2511261	0.5	0.0759009	0.2074324	0.4123874	0.586937	0.5738739
GI-29	0.0908587	0.1357341	0.1024931	0	0.1047091	0	0.8587258	0	0.1207756	0.0382271	0.034349	0	0.1451524	0.3822715	0.0781163	0.5318559	0.2509695	0	0.0842105	0	0	0	0	0	0.1019391	0	0.7180055	0.4398892	0	0	0	0.6891966	0.2808864	0.5628809	0.0565097	0.367867	0.0465374	0.3202216	0.5529086	0	0.0243767	0	0	0	0.4792244	0.598892	0.2254848	0	0.4083102	0	0.0592798
GI-2-	0.6869193	0.9409142	0.0440357	0.9153661	0	0.5116128	0.0873281	0.0615013	0.627369	0.9436083	0.2883686	0.1225381	0.5955035	0.3674285	0.0450576	0.71479	0.5280565	0.3927908	0.0044593	0.6270903	0.3844296	0.1436269	0.3124303	0.7845597	0.5916945	0.0202527	0.2813081	0.1151988	0.0286139	0.4953549	0.017094	0.2936641	0.6179859	0.2518581	0.218599	0.055091	0.7656076	0.0362319	0.116964	0.0069677	0	0.166388	0.0181159	0.2635637	0.3537718	0.8132665	0.4750093	0.6569119	0.9388703	0.15301	0.9716648
GI-30	0.5545381	0.570004	0.0181115	0.3935694	0.0500611	0.1237281	0.3066748	0.1109076	0.1196581	0	0.1190476	0	0.3732194	0.1817257	0.1054131	0.1149776	0.1231176	0.1807082	0.3119658	0.3715914	0.2356532	0.2828653	0.1485551	0.1886447	0.2867318	0.1516076	0.1902727	0.0982906	0.2175417	0.0555556	0.2702483	0.539072	0.4373219	0.4401709	0.4006919	0.2818478	0.6355311	0.457672	0.4352869	0.4782255	0	0.3093203	0.2531542	0.3540904	0.3160358	0.6556777	0.4157509	0	0.1621897	0.48779	0.2905983
GI-31	0	0.6888889	0.2993464	0.475817	0.7084967	0.3503268	0.1372549	0.3058824	0.6601307	0.3947712	0.8522876	0.172549	0.2457516	0.4640523	0.3437909	0.4392157	0.248366	0.3150327	0.6104575	0.3437909	0.6562092	0.8444445	0.0875817	0.3058824	0.475817	0.7215686	0.9647059	0.6169935	0.8470588	0.4901961	0	0.8745098	0.3124183	0.3830065	0.1372549	0	0.4222222	0.330719	0.2457516	0.4535948	0	0.7346405	0.4379085	0.7633987	0.5673203	0.7124183	0.4954248	0	0.3137255	0.6614379	0.675817
GI-32	0.4112834	0.4862188	0.6606374	0.9750215	0.5111973	0.3281654	0.0077519	0.4969853	0.5770887	0.001292	0.4995693	0.0796727	0.0322997	0	0.1627907	0.75323	0	0.1343669	0.534453	0.8023256	0.5598622	0.9289406	0.3768303	0.3561585	0.1567614	0.494832	0.8156762	0.8126615	0.5602928	0.6778639	0.6851852	0.8423772	0.5727821	0.7308355	0.2850991	0.6658053	0.7988803	0.1119724	0.8858743	0.9018088	0	0.5348837	0.5387597	0.7540913	0.0374677	0.707149	0.6571921	0	0.5301464	0.7131783	0.1744186
GI-33	0.2325294	0.5064935	0.1456401	0.2600495	0.3395176	0.4573284	0.4183674	0.5643166	0.5841064	0.7043908	0.4353741	0.414966	0.3478664	0.2959184	0.2350031	0.4044527	0.4975263	0.4984539	0.5306122	0.4474335	0.2952999	0.3382808	0.3778602	0.5371057	0.3413729	0.419295	0.3423006	0.4353741	0.4143476	0.6079159	0.1938775	0.5528757	0.3883735	0.5170068	0.2365492	0.2906617	0.4390847	0.5003092	0.3416821	0.2711812	0.3927025	0.3552876	0.3614719	0.5383426	0.5272109	0.3478664	0.2591218	0.2179963	0.3200371	0.240569	0.373222
GI-35	0.3956629	0.7021115	0.400038	0.7283622	0.5341449	0.482024	0.6201255	0.6979266	0.6821381	0.6874644	0.5214	0.6420012	0.2653605	0.5271067	0.516264	0.7186608	0.2602245	0.5664828	0.5442268	0.6111851	0.6060491	0.6973559	0.5562108	0.5870268	0.5369983	0.4110709	0.6330607	0.6258322	0.6509416	0.6857523	0.015408	0.6492296	0.1304927	0.4930569	0.105954	0	0.2326422	0.1483736	0.1192695	0.4656648	0.1249762	0.4812631	0.5238729	0.6684421	0.6420012	0.6140384	0.4318052	0	0.0684801	0.4137341	0.4291421
GI-36	0.2868797	0.2615756	0.3418687	0.399577	0.1126218	0.0642042	0.1595287	0.1160964	0.1615681	0.6702168	0.0725886	0.0695672	0.052723	0.0038523	0.2392175	0.0882242	0.3042526	0.2148954	0.2346099	0.011028	0.2407282	0.2978322	0.1759952	0.2874084	0.221618	0.0719088	0.3777476	0.2255457	0.1841529	0.3778231	0.2792507	0.4386283	0.461062	0.3188307	0.1417025	0.0275701	0.2032631	0.4408943	0.4066772	0.3317471	0.2759272	0.3752549	0.2883148	0.530176	0.2772868	0.3306896	0.0320266	0.2591586	0.3444369	0.0503059	0.4776796
GI-37	0.3603967	0.9073443	0.602727	0.0480322	0.4304307	0.3520297	0.5754571	0.1450263	0.1385188	0.5633715	0.4034707	0.6901147	0	0.089247	0.1332507	0.9082739	0.4933375	0.7062287	0.2228076	0.6975519	0.5017044	0.9739696	0.2686706	0.5599628	0.589092	0.6182213	0.1220948	0.6984816	0.6736907	0.4713356	0.6981717	0.3619461	0.5655407	0.8004338	0.3765107	0.5519058	0.132321	0.6123334	0.5739077	0.5264952	0.6879455	0.3585373	0.1224047	0.2547258	0.0582584	0.5670902	0.1403781	0.5788658	0.5302138	0.4372482	0.9575457
GI-38	0	0.2226891	0	0.1985294	0.0283613	0	0.1622899	0	0.042542	0	0.2053571	0.0089286	0.1418067	0.0766807	0	0.0183824	0.0982143	0.042542	0	0.0362395	0.0493697	0	0	0	0.0667017	0.1943277	0.0120798	0.0709034	0.0688025	0.115021	0.0709034	0.085084	0.0441176	0.2415966	0.0367647	0	0.144958	0.1927521	0.0388655	0.1365546	0.2521009	0.1292017	0.0257353	0.0735294	0.1286765	0.0688025	0.1691176	0.1339286	0.0336134	0.1801471	0.289916
GI-39	0.1670588	0	0	0	0	0.1864706	0	0.1135294	0	0.25	0.1582353	0.1270588	0	0.0605882	0.1864706	0	0	0	0.2470588	0	0.7694117	0	0	0	0	0	0.3435294	0.0535294	0.2164706	0	0.6011765	0.4641176	0.1482353	0.2723529	0	0	0	0.3358824	0.0876471	0.4164706	0.0205882	0.0488235	0.0323529	0.2464706	0.0752941	0.3870588	0	0	0.1094118	0.6482353	0.1682353
GI-40	0.2014448	0.3912198	0	0	0.0928036	0.4001111	0.0130592	0.0377883	0.1931092	0.0086135	0.5443178	0.0247291	0.6396221	0.3359267	0.0119478	0.726035	0.0411225	0.0811336	0.1200333	0.0258405	0.0252848	0.0141706	0.2453459	0.1505974	0.0358433	0.1850514	0.0566824	0.0141706	0.6154487	0.030564	0.0408447	0.8363434	0.0505696	0.2736871	0.0550153	0	0.4698527	0.4353987	0.0408447	0.0655738	0.0433454	0.0258405	0	0.0169492	0.3312031	0.1025285	0.0269519	0.5081967	0.0444568	0.1822729	0.2247847
GI-41	0.5909532	0.2295638	0.0087237	0	0	0.0424879	0.9171244	0.0463651	0.1558966	0	0.3069467	0.0788368	0.4949919	0.2487884	0.1224556	0.7497576	0.0294023	0	0.1609047	0	0.0659128	0	0.3389338	0.0605816	0.0103393	0.0702746	0.0392569	0.0936995	0.012601	0.0117932	0.2400646	0.2531503	0.1137318	0.7533118	0.0641357	0.1180937	0.8812601	0.4861066	0.7980614	0	0.0161551	0.114378	0.1121163	0.0896607	0	0.4287561	0	0	0	0.0295638	0.1844911
GI-42	0.5331612	0.1715647	0.2934869	0.053614	0	0.5001985	0	0	0.1826847	0	0.3399523	0.0220413	0.5542097	0.3556394	0.0917395	0.765687	0	0.4336775	0.0391183	0.761517	0	0	0.4074662	0.0708896	0.0272041	0	0.8564337	0	0.0434869	0	0.0440826	0.8081811	0.4350675	0.6761318	0.7412629	0.6461477	0.8238682	0.5887609	0.6721604	0.4459889	0	0.052224	0.0329627	0.049444	0.24166	0.7998412	0.7160445	0	0.9356632	0.1098094	0.9124305
GI-43	0.67963	0.6934114	0.7402303	0.4140079	0.8270719	0.5988295	0.18973	0.6356428	0.8889938	0.4238248	0.7364546	0.2165377	0.0481405	0.0311497	0.5780631	0.9282613	0.0775911	0.8400981	0.0203889	0.7806305	0	0.0345479	0.524259	0.0177459	0.5980744	0.84293	0.9950916	0.383047	0.9537474	0.1072305	0	0.953181	0.0109496	0.9382669	0.0050972	0.807627	0.8910704	0.1038324	0.8842741	0.8995658	0	0.0713611	0.1094959	0.2135171	0.5510666	0.8797433	0.0277516	0.0179347	0	0	0.0058524
GI-44	0	0	0	0	0	0.2408163	0	0.2816327	0.1571429	0	0	0	0	0	0	0	0	0	0	0.0846939	0	0.4877551	0	0	0.2602041	0	0	0	0	0	0	0	0	0	0.2	0	0.0581633	0.0857143	0.0520408	0.0408163	0	0.5836735	0	0	0	0	0.0765306	0.1071429	0	0	0.0704082
GI-45	0	0.0426803	0	0.108408	0	0	0.1621852	0.0853606	0.1724285	0.0994452	0.0209134	0	0.0409731	0.0431071	0.5040546	0	0.5266752	0.7110542	0.3585147	0.8100725	0	0.0576184	0.1131029	0.1971831	0.0290226	0.1873666	0.0315834	0.0725565	0.0678617	0.1506615	0.2880922	0.1113956	0.1566368	0.9795135	0.258216	0.030303	0.3239437	0.7682458	0	0.7434912	0.0486556	0.3397354	0.0371319	0.4063167	0.7690995	0.0396927	0.023901	0.0836534	0	0	0
GI-46	0.4416622	0.1955248	0.5402238	0.1086841	0.6164092	0.1624933	0.3052744	0.7932872	0.9930741	0.1651572	0.5594033	0.0596697	0.2434736	0.1092168	0.5316995	0.4144912	0.3585509	0.7948855	0.1076185	0.7948855	0.4842834	0.6307938	0.5007991	0.4224827	0.3239211	0.6579648	0.97496	0.5029302	0.6579648	0.0772509	0.1124134	0.3271177	0.1294619	0.1848695	0.2370805	0.0596697	0.3510922	0.2631859	0.0330314	0.6835375	0	0.555674	0.646244	0.3729355	0.7053809	0.2141715	0	0.14065	0.1006926	0.5993607	0.532765
GI-47	0	0.2226891	0	0.1985294	0.0283613	0	0.1622899	0	0.042542	0	0.2053571	0.0089286	0.1418067	0.0766807	0	0.0183824	0.0982143	0.042542	0	0.0362395	0.0493697	0	0	0	0.0667017	0.1943277	0.0120798	0.0709034	0.0688025	0.115021	0.0709034	0.085084	0.0441176	0.2415966	0.0367647	0	0.144958	0.1927521	0.0388655	0.1365546	0.2521009	0.1292017	0.0257353	0.0735294	0.1286765	0.0688025	0.1691176	0.1339286	0.0336134	0.1801471	0.289916
GI-48	0.1652676	0.2688877	0.0569255	0.1051941	0.1634313	0.3593914	0	0.590766	0.067681	0.6833683	0.0343652	0.0291186	0	0	0.1227702	0	0.2843652	0.0529906	0.0577125	0.0868311	0.3449633	0	0.0191501	0.0519412	0.2869885	0	0.1198846	0.2423925	0.3166317	0.7353095	0.6403463	0.3342078	0.0548269	0.0081322	0.0327912	0	0.0301679	0.6311647	0.0910283	0.618573	0.4551417	0.0081322	0.09234	0.2434418	0.0870934	0	0	0	0.1217209	0	0.1358867
GI-49	0.5718954	0.7189543	0.8954248	0.9869281	0.4117647	0.8888889	0.872549	0.7581699	0.8888889	0.9803922	0.7647059	0.8660131	0.4313726	0.8006536	0.8594771	0.8366013	0.2973856	0.6732026	0.5196078	0.7091503	0.875817	0.6307189	0.5228758	0.9150327	0.872549	0.3137255	1	0.6307189	0.3888889	0.9640523	0.875817	0.8660131	0.7222222	0.9575163	0.748366	0.5196078	0.8398693	0.509804	0.9379085	0.5849673	0.5947713	0.6862745	0.5751634	0.624183	0.7287582	1	0.4444444	0.4379085	0.9934641	0.9281046	1
GI-4-	0.6501704	0.7362126	0.4710555	0.6426832	0.5186876	0.5210616	0.7178902	0.5621195	0.6324263	0.4329194	0.5175615	0.4706294	0.6083516	0.4947042	0.5166789	0.7109508	0.4196798	0.5294315	0.593712	0.619765	0.5153397	0.7316472	0.4705381	0.5631544	0.493852	0.4619248	0.7550828	0.5088568	0.5835159	0.4978695	0.357895	0.7041636	0.4853604	0.7933406	0.6853543	0.4241539	0.7622656	0.5761809	0.6524227	0.5641892	0.3406379	0.4865474	0.4865778	0.6006209	0.5379535	0.7503348	0.6879413	0.2314341	0.2846056	0.5872291	0.4853908
GI-50	0.1911765	0.5857843	0.0498366	0.5506536	0.3496732	0.120098	0.2410131	0.3014706	0.5882353	0.2132353	0.7058824	0.0138889	0.0212418	0.2598039	0.3276144	0.3937908	0.1339869	0.2883987	0.5441176	0.4174837	0.4673203	0.502451	0.1903595	0.1045752	0	0.5204248	0.2982026	0.2295752	0.4575163	0.1993464	0.0939543	0.5980392	0.4771242	0.6495098	0.625	0.2867647	0.5857843	0.4714052	0.2622549	0.6413399	0.4158497	0.3619281	0.3668301	0.5906863	0.4910131	0.6192811	0.2818627	0.1388889	0.4501634	0.8153595	0.865196
GI-51	0.6468458	0.922125	0.7464533	0.5662541	0.3773015	0.2967099	0.7573196	0.5584063	0.6057953	0.414428	0.5215816	0.3184425	0.7715062	0.7099306	0.4431029	0.851796	0.5424087	0.5321461	0.6718986	0.7524902	0.5946272	0.92786	0.6507697	0.5176577	0.680652	0.6130396	0.9547238	0.6163598	0.7687896	0.5946272	0.1122849	0.975249	0.3963175	0.887715	0.5925143	0.7754301	0.7524902	0.6356776	0.7669786	0.7189858	0.1717477	0.6266224	0.6145487	0.7144582	0.8170842	0.8804709	0.6737096	0	0.6555992	0.8237247	0.7935406
GI-52	0	0.518755	0.1029529	0	0.075818	0.113328	0.1652035	0.3136472	0.7150838	0.2442139	0	0.1971269	0.2466081	0.4197925	0.2035116	0.1077414	0	0.0654429	0.1452514	0.0790104	0	0	0	0.4118116	0	0	0.3216281	0.1540303	0.1436552	0.5339186	0.3120511	0.2370311	0.3527534	0.1396648	0.2114924	0.0997606	0.28332	0.1189146	0.0893855	0.2474062	0.1157223	0.2729449	0.0351157	0.2202713	0.4229848	0.2282522	0.0853951	0.0981644	0.2952913	0.0606544	0.1915403
GI-53	0.3993921	0.8474164	0.0300912	0.1516717	0.5179331	0.3896657	0.6075988	0.7075988	0.8142857	0.7015197	0.9273556	0.6009119	0.3805471	0.6571429	0.6407295	0.6322188	0.4273556	0.6382979	0.8346505	0.3270517	0.5036474	0.5726444	0.3844985	0.637386	0.2601824	0.9446809	0.0446809	0.1407295	0.5364742	0.8325228	0	0.6048632	0.7544073	0.9006079	0.4179331	0	0.4492401	0.5972644	0.6598784	0.7620061	0.5142857	0.3264438	0.2848024	0.3273556	0.7413374	0.9006079	0.5085106	0.4796353	0.6604863	0.9337386	0.9328268
GI-54	0.8866554	0.7975918	0.7235546	0.4558662	0.4114837	0.5729923	0.3391382	0.1798189	0.36531	0.2958503	0.4925863	0.249179	0.7243507	0.4103891	0.5252264	0.8295353	0.4825356	0.8079411	0.3656085	0.6877301	0.6995721	0.8268484	0.622649	0.5120907	0.2274853	0.7213653	0.9293462	0.7892327	0.4710917	0.791024	0.2211165	0.9813912	0.6730023	0.9710419	0.8260524	0.7447507	0.9283511	0.8929247	0.8772017	0.8825754	0.2292765	0.6421534	0.4607424	0.5927953	0.8142104	0.9703453	0.8563041	0.7254453	0.9758185	0.9055628	0.9834809
GI-55	0.965966	0.994995	1	0.2232232	0.8388388	0.4024024	0.972973	0.3113113	1	1	0.982983	0.8768769	0.5885886	0.9269269	0.5375375	0.3903904	0.5475475	0.9369369	0.8998999	0.8318318	0.4784785	1	0.4814815	0.9499499	0.6826827	0.975976	0	0.4944945	0.4184184	1	0.7557558	0.8528529	0.8288288	0.988989	0.9009009	0	1	0.8428428	0.8138138	0.6036036	0.8418418	0.6786787	0.3263263	0.4424424	0.9109109	1	0.8788789	0.7437437	0.9469469	1	0.9479479
GI-56	0.7690513	0.8655505	0.6222222	0.8718417	0.7084728	0.5161847	0.8998478	0.6013191	0.808625	0.4524607	0.7275495	0.6761035	0.6915271	0.7350584	0.5726027	0.8443429	0.6688991	0.6188737	0.8351091	0.7314054	0.4995434	0.8511416	0.6221207	0.654896	0.6846271	0.5910705	0.8625063	0.6967022	0.8263825	0.5258244	0.2091324	0.8562151	0.5128361	0.9645865	0.8060883	0.7533232	0.8641299	0.4659564	0.7774734	0.7229832	0.2452562	0.7705733	0.3950279	0.4696093	0.7758498	0.8535768	0.7888381	0.0173516	0.0910198	0.8581431	0.4089295
GI-5-	0.5200243	0.5614887	0.03661	0.1203479	0.0206311	0.3462783	0.6284385	0.2131877	0.1415858	0.0625	0.3118932	0	0.4383091	0.4122168	0.4447815	0.5774676	0.0218447	0.2184466	0	0.4370955	0	0.6375405	0.2014563	0.2455502	0.2914644	0	0.6875	0.1134709	0.072411	0.0264968	0.0226537	0.3369741	0.1541262	0.6794094	0.5206311	0.029733	0.6462379	0	0.5707929	0.3232201	0	0	0	0.0161812	0.335356	0.6167071	0.6300566	0	0	0.0756472	0.2922735
GI-6	0.0050661	0.0104468	0.0353996	0	0.1545312	0.0040592	0	0.0020768	0.0068597	0.0192889	0.022939	0.0012587	0.0085588	0.003713	0.0015104	0.0056325	0.0016677	0	0.0014475	0.2435809	0.4791378	0	0	0.0053178	0.0059471	0	0.0022026	0.0045941	0.0999056	0.031781	0.0111705	0.0028634	0.0210195	0.0733166	0.0058842	0.006545	0.0073317	0.0167716	0.0055381	0.0067023	0.0029264	0.3784456	0.4282882	0.6238515	0.0015733	0.0024858	0.0039018	0.0480491	0	0.003776	0.0034613
GI-7	0	0.7829912	0	0	0.3841642	0.7536657	0	0	0.7624633	0	1	0	0	0.2170088	0.1290323	0.1730205	0.0205279	0.4105572	0.7214077	0.5689149	0.4897361	0.8064516	0.1378299	0	0.2434018	0.9648094	0.4281525	0	0	0.4926686	0.1524927	0.9472141	0.3284458	0	0.0351906	0.1085044	0.4340176	0.6187683	0.8856305	0.5718475	0.1612903	0	0	0.2727273	0.9912024	0.9560117	0.3548387	0	0.4076246	1	1
GI-8	0.1231343	0.3190298	0	0.8992537	0.4925373	0.1212687	0.113806	0.5764925	0.7929105	0.1436567	0.4570895	0.0802239	0.1044776	0.1100746	0.1902985	0.3619403	0.1231343	0.1175373	0.5597015	0.0690299	0.5130597	0.2649254	0.1231343	0.1455224	0.1343284	0.3507463	0.3115672	0.2537313	0.5895522	0.0783582	0.1567164	0.2070896	0.1268657	0.494403	0.1697761	0.2182836	0.1492537	0.3097015	0.2164179	0.1175373	0.0858209	0.2817164	0.647388	0.8992537	0.3899254	0.2462687	0.0876866	0.0820896	0.0690299	0.1585821	0.2873134
GI-9	0	0.0024565	0.0167667	0.0026125	0.0048741	0.0046791	0.0122436	0.0042112	0.0229665	0.0211729	0	0	0.0030804	0	0.0032754	0	0.0036263	0.0348202	0.020705	0	0	0	0.0222257	0	0	0.020432	0.0047961	0.0077205	0.0046401	0	0	0.0090073	0.0056929	0.0765032	0.0303361	0.1007954	0	0.041332	0.1091398	0.0547454	0.0349372	0.0014817	0	0.0551743	0.0020666	0.0760742	0	0	0	0.0087733	0