Island	16812_Medieval_SpitalSquare_NRF88	16813_Medieval_SpitalSquare_NRF88	16821_Medieval_SpitalSquare_NRF88	16830_Medieval_SpitalSquare.SSQ88	16832_Medieval_SpitalSquare_SSQ88	16834_Medieval_MertonPriory_MPY86	16835_Medieval_MertonPriory_MPY86	16838_Medieval_MertonPriory_MPY86	16842_Medieval_MertonPriory_MPY86	16847_Medieval_MertonPriory_MPY86	16857_Medieval_MertonPriory_MPY86	16918_Medieval_StBenetSherehog_ONE94	16961_PostMedieval_StBrides_SB79	16966_Medieval_BermondseyAbbey_BA84	Hinxton16491	Jewbury8815	Jewbury8822	Jewbury8839	NewarkBay8887	Oakington16540	Raunds8346	StHelensOnWalls8873	StHelensOnWalls8875	Yorkshire8893	Yorkshire8895	18754_HealthyModern_2_Calculus_kneaddata	18758_HealthyModern_4_Calculus_kneaddata	18760_HealthyModern_5_Calculus_kneaddata	18766_HealthyModern_8a_Calculus_2ndElute_kneaddata	18769_HealthyModern_9_Calculus_kneaddata	18771_HealthyModern_10_Calculus_2ndElute_kneaddata	18773_HealthyModern_11_Calculus_kneaddata	18775_HealthyModern_12_Calculus_2ndElute_kneaddata	18777_HealthyModern_13_Calculus_kneaddata	18784_HealthyModern_16_Calculus_kneaddata	18786_HealthyModern_17_Calculus_kneaddata	18791_HealthyModern_20_Calculus_kneaddata	19771_ModernCalculus_PerioDisease_5_kneaddata	19772_ModernCalculus_PerioDisease_6_kneaddata	19774_ModernCalculus_PerioDisease_8_kneaddata	19775_ModernCalculus_PerioDisease_9_kneaddata	19778_ModernCalculus_PerioDisease_12_kneaddata	19780_ModernCalculus_PerioDisease_14_kneaddata	19782_ModernCalculus_PerioDisease_16_kneaddata	19783_ModernCalculus_PerioDisease_17_kneaddata	19785_ModernCalculus_PerioDisease_19_kneaddata	19786_ModernCalculus_PerioDisease_20_kneaddata	19792_ModernCalculus_PerioDisease_26_kneaddata	19795_ModernCalculus_PerioDisease_29_kneaddata	19796_ModernCalculus_PerioDisease_30_kneaddata
GI-1-	1.356050044	1.260210588	79.54232	1.328992397	79.63882	1.300838121	1.336318622	1.366844769	1.284170805	1.156833361	1.135380601	1.168494075	75.9443	82.82327	1.273340569	85.49766	1.301568901	74.11084	1.259601618	80.64516	90.32258	86.44885	1.419257163	1.198727787	1.196577894	1.120099207	86.66942	1.075444805	1.257668452	1.191201959	1.171897928	1.26519083	1.239989449	1.126906687	1.112324878	1.096342978	1.35594211	75.13096	1.351625558	1.342383768	70.48525	1.264228286	1.221801328	86.24207	1.310789332	1.3714947	79.29418	1.486025312	79.9421	82.47863
GI-10	0	0.012511411	2.22099	0	0.41644	0	0.046994976	0	0	0	0	0	1.19378	0	0.007055073	1.16602	0.010156664	0	0.014626059	0	0	0	0.038789815	0.04009012	0	0.242242399	0	0.085689291	0.430304419	0.076903994	0	0.028007498	0	0.606001734	0.919628942	0.503428965	0	0	0	0	3.0261	0	0	0	0	0	0	0	2.52637	1.66574
GI-11	1.081995184	1.213824847	61.71248	1.271156674	67.8667	1.123620162	1.233830881	0.984505653	0.929490911	1.073189861	1.133717139	1.137910634	20.62759	74.43444	0.773026751	82.09682	1.154150086	52.73656	1.010426654	66.2126	31.08733	63.36658	0.881815924	0.953096919	0.886889925	1.102388983	65.60448	1.065503931	0.971952099	1.045875551	0.89610844	0.964477184	0.878742652	1.016984603	1.042787666	1.052873308	1.144339851	77.42642	1.183424978	0.874640611	53.97713	1.195779801	1.203031302	41.69302	0.807491021	1.078260818	44.68499	1.104728291	58.84213	67.5748
GI-12	0	0	0	0.022808675	0	0	0	0	0	0	0	0	0	0	0.340070775	0	0	0	0.538806401	0	0	0	0	0	0.123059955	0	0	0	0	0	0	0	0	0	0	0	0	0	0	0	0	0	0	0	0	0.071105173	0	0	0	0
GI-14	0.475223438	0.417160708	22.28534	0.424798558	34.03668	0.206065336	0.780008448	1.135723931	0.434875987	0.927268206	0.632885931	0.495177014	6.96316	27.93378	0.551197203	39.34426	0.425256254	26.89498	0.831427269	39.08457	62.8794	18.37364	0.266962568	0.978558239	1.050462812	0.951020792	29.03749	0.761766162	0.413253483	0.877525238	0.61448421	0.627615315	0.688525341	0.742064673	0.797999665	0.910208498	0.480816481	50.68982	0.927638104	0.70862259	12.12466	0.23602925	0.809943571	18.24379	0.434849072	0.465198859	34.29638	0.018269739	17.28615	25.58026
GI-15	0.103407314	0.062153511	2.33934	0.061753288	5.72547	0.113689206	0.048543025	0.215946811	0.103018545	0.487239922	0.104818641	0.110190613	2.23011	3.87766	0.644890392	3.07664	0.085941883	5.22483	0.114476707	3.05844	26.68851	3.54997	0.131742672	0.417664305	0.097832823	0.226446424	5.88931	0.307479671	0.214649356	0.414628594	0.253113578	0.171091258	0.454347948	0.208743462	0.194398683	0.40087474	0.099304858	5.33406	0.061633988	0.461797875	14.18169	0.144275517	0.997485129	30.90297	0.4977014	0.179682833	10.9594	0.143143273	10.15838	19.65228
GI-16	0.046300131	0	0	0	0	0.10670563	0	0	0	0	0.047126582	0	0	0	0	0	0.121793437	0	0.033111631	0	0	0	0	0.071898148	0.203952993	1.06475925	13.36653	1.050319511	0.840383528	1.14552668	1.18529664	0.474328173	1.149708483	1.034112795	0.38298736	1.011104504	0	35.38874	0	0.909501975	41.09537	1.362864074	0.275375108	7.6599	0.124108908	0	0	1.2689274	81.53964	82.15243
GI-17	0.048295476	0.078605328	2.48145	0.706375672	0	0.194382617	0.029124856	0.122772457	0.006277953	0.079129141	0.94493326	0.581913002	0.23024	32.00307	0	16.67946	0.028437028	1.68841	0.020734468	1.81632	0	0	0.019425737	0.048024077	0.379696979	0.023783178	2.30238	0.732920152	0.267110938	0	0.60341271	0.248570564	0.08172538	0.181331344	0.621752344	0.301501335	0	0	0	0.051929421	1.53492	0	0.117982608	3.45357	0.068887086	0.87065514	39.37068	0	2.04656	31.33794
GI-18	0	0.032443006	21.25435	0.063875266	0	0	0.039858433	0.019255404	0.048012362	0.106952813	3.68E-04	0.304271996	1.36205	1.26703	0.024996103	13.74723	0.103403601	0.72854	0.065895141	52.96167	4.33956	0	0	0.097199902	0.078356921	0.823842376	25.11878	1.06760976	0.802898738	0.919421627	0.66304534	0.753472911	1.017902241	0.980912094	1.06299783	1.096342978	0.375531982	75.57808	0.596195966	0.757877888	23.85176	1.279115123	1.0280474	61.57745	0.99463908	0.151231595	22.14127	0.985910468	56.25594	54.2287
GI-19	0.302419417	0.291778385	40.97258	1.183680808	25.40093	0.938500328	0	0.384413798	0.417463614	0.416842225	1.006188239	1.182312955	0	2.63839	0.162950153	35.10088	0.125204225	5.19917	0.283727412	14.45939	1.06053	15.54578	0.102137369	0.137581719	0.044759211	1.038395139	14.14899	0.031990719	0.555513647	0.025016571	0.822901201	0.721043818	1.099002711	0.813844684	0.84647178	0.940370757	0.037517127	21.80548	0	0.797257319	10.06208	0	0	24.2628	0.348266655	0	0	0	17.25297	18.41697
GI-2-	0	0.236960798	0	0.033461491	1.25089	0	0	0.014579409	0.037662956	0.057173144	0.039620689	0.01680396	59.63188	0	0.061664883	2.68049	0.104852905	0	0.552554677	6.34382	1.76912	19.46033	0.429611769	0.012687399	0.011758973	0.979186135	63.11651	0.997227167	0.852388698	0.828076202	1.08193261	1.045843271	1.016504145	0.965200761	0.975570096	1.018172737	1.077599749	75.3574	1.174544827	1.063429873	77.66262	1.194332712	1.025579868	29.16369	0.540195114	1.304292403	69.56755	0.187150515	62.18728	63.17012
GI-22	0.420310819	0	19.86464	0	12.11506	0.47141872	0.711747202	0.028150832	0	0.254097564	1.062616161	0	0	17.86802	0.88352302	0	0.74473444	0	0.167770578	0	0	0	0.344856266	0.602297174	0.365369108	1.037844946	32.35195	1.075444805	1.125542489	1.184706718	0.553539576	1.268561117	1.315564664	1.126906687	1.099150168	1.026592541	1.530119628	36.34518	0.104476197	1.313781727	82.53807	1.362864074	1.206410909	83.65482	1.417871545	0	0	0	79.08629	78.95093
GI-23	0.032725863	0.117474062	0	0.107997639	4.5045	0	0	0	0	0.035682066	0	0.235918925	0	0	0	2.20866	0	0	0.025517422	2.47021	7.12002	6.30631	0.065320654	0	0.183796878	0.768867907	4.01046	1.0370026	1.017078021	1.093025421	0.035479721	0.795055671	0.568403955	1.054203062	0.89380365	1.022425013	0.881961802	34.4086	0.35367943	0.678843941	40.74397	0.245165073	0.923635212	8.45684	0	0.048795807	10.22958	0	47.34089	43.18512
GI-24-1	0.164702749	1.095134004	0	0.18177888	35.52027	0.665482995	0.059469846	0.762760481	0.451229645	0.2052351	0.878016126	1.001299837	0	33.13832	0.574015045	9.65315	0.395725916	13.28876	0.241606286	6.01755	11.40827	20.93606	0.216413736	0.825715829	0.998597426	0.59538907	14.16632	0.993202207	0.600469878	1.076745588	0.421020567	0.449310527	0.344169864	1.018124581	0.237525298	0.664769648	0.156138327	12.36941	0.243690294	0.454700165	26.07605	0.313806131	1.028272697	50.68951	0.755273417	0.164736822	0	0	6.35186	0
GI-24-2	0	0.265010826	3.46691	0.264600567	0	0.322159915	0	0	0.33538207	0.134484641	0.078921454	0.541833322	0	12.20171	0.292673329	1.89104	0.195763649	11.84151	0.138065251	4.9077	5.13282	3.01666	0.034189662	0.219977128	0.367605332	0.106411889	0	0.370909836	0.237922726	0.356425984	0	0.155989743	0.159011012	0.198895762	0.386133459	0.11205305	0.097246849	0	0	0.230507879	7.02386	0.067498842	0.252793213	0	0.127407509	0.042072686	0	0	0	0
GI-26	0.188486575	0.032872635	8.45468	0.290645792	2.25854	0	0.027155716	0.027810891	0.014800373	0.328215906	0.190423544	0	0	2.05052	0.004968431	3.69985	0.071713519	15.42348	0.1611787	0	0	0.95097	0.012185773	0.191860205	0.224523671	1.105286567	78.61813	1.021432848	1.163284711	1.184064943	1.065710284	0.978494472	0.299233326	1.072152094	1.077616337	0.900043864	0.314369978	10.08915	1.475035518	0.223777495	72.55572	0.202303271	1.21839551	79.19762	0.979273095	0.218032084	10.59435	0.258390019	59.06389	60.66865
GI-27	0	0.038721381	0	0	0	0	0	0	0.007653822	0	0	0	0	0	0.008324767	0	0	0	0.177186138	0	0.64546	0	0	0.008044667	0.108430972	0.177645942	0	0.256837406	0	0	0	0	0	1.007150088	0	0	0	0	0	0	0	0	0	0	0	0	0	0	0	0
GI-28	0	0.179188794	0	0	1.12657	0.120639696	0	0	0	0	1.121592093	0.187737344	3.21405	76.7727	0.136498176	9.84095	0	0	0.080119997	68.82041	0	9.04573	0.049818336	0.014354311	0.31696109	1.100057608	54.97018	1.075444805	1.273861613	0.109588433	1.045087664	1.134761776	1.317133815	1.126906687	1.112324878	1.067644775	1.188931207	95.09609	1.093620025	1.220085478	58.05169	1.362864074	0.980480388	89.96024	1.384745115	0.744541622	30.05302	1.543734818	87.57455	86.81246
GI-29	0	0	0	0	0	0	0	0	0	0	0	0.060742057	0	0	0	1.74326	0	0	0	0	0	0	0	0	0	0.626261468	0	0.355186511	1.122262996	0.196413971	0.730713806	0	0.362302108	0.188234436	0.949442474	0.82112789	0.517183525	0	0.205160868	1.484546779	27.25832	0	0.143454986	1.96513	0	0	5.73693	1.583213735	54.16799	59.20761
GI-3-	0.33518254	0.31080825	32.24956	0.374230596	19.62507	0.775736293	0.412019876	1.145204059	0.630875916	0.446440567	0.38218134	0.813070297	0	20.00586	0.969632552	25.65905	0.767017134	10.51552	0.819452389	4.65729	31.81019	17.07674	0.216639871	0.487129836	0.318745098	0.83039574	2.16755	1.063159461	0.655962	1.130348073	0.183314778	0.82350586	0.206101577	0.732126257	0.522277909	0.916188172	0.598935712	16.78383	0.12319415	0.371179942	37.37551	0.272253496	1.124343718	10.98418	0.46612097	0.061584147	3.42707	0	36.93615	34.1242
GI-31	0.10408231	0.133344938	27.58137	0.86164581	3.39506	0.197209069	0.163083495	0.145878398	0.82385719	0.45315768	0.183699583	0.418147714	0	1.73962	0.783213727	37.45791	0.086462647	2.07632	0.30663229	42.19978	3.11448	35.07295	0.835201749	0.424084178	0.452695175	0.59367767	9.17508	0.598374586	0.346486804	0.532676876	0.423367691	0.897601472	1.010585693	0.211532105	1.092662534	0.070444093	0.928934988	44.86532	0	0.493341809	46.88552	0.531149833	1.067779698	0	0	0.254403689	5.61167	0	22.16611	19.92144
GI-32	0.579755028	0.914088628	32.98645	0.882106366	26.36953	0.431728089	0.556792086	0.515442273	0.535989738	0.578127553	1.006291205	1.034429369	71.25466	10.91694	0.679126116	32.45631	0.559465862	16.39505	0.319610177	10.24936	31.16042	25.34852	0.648572523	0.241714131	0.240702084	1.01695252	66.58158	1.014841555	1.076115827	1.021218255	1.048451061	0.942190678	1.104987078	0.820896078	1.063184256	1.046401595	0.832378504	42.05773	1.09112232	0.310943815	46.00432	0.755689867	1.305447178	53.68152	0.741410226	1.21293888	61.53544	0.670713052	39.60338	26.72295
GI-33	1.554469621	1.352422567	91.67348	1.026997218	81.99782	1.306225396	1.317346712	1.567023735	1.437277425	1.180594959	1.159875512	1.190318202	0	97.19269	1.316908736	38.78441	1.38024541	87.62606	1.28807551	20.65958	86.89016	92.17771	1.516426853	1.203208665	1.216591557	1.120099207	35.14582	0	0	0	0.88986086	0	0	0	0	0.985334195	0	0	0	0	36.09976	0	0	55.28755	1.146095401	0	0	0	0	0
GI-35	0.193306435	0.389757855	20.14616	0.468844157	16.23543	1.041161228	0.222793772	0.300797478	0.175350054	0.400837962	0.561726332	1.10027432	0	0	0.634806537	34.03121	0.759267721	32.51037	0.409817377	11.69267	19.61288	8.67075	0.158979405	1.128028197	0.769226836	1.068773349	3.71321	1.070559275	1.160909335	1.115233345	1.18529664	1.190025991	1.33730241	1.126906687	1.112324878	1.041991446	1.089219918	0	0.180280157	1.22372859	49.08157	0.127322714	0.688557867	0	0	1.160143395	80.13036	1.566215105	70.72881	77.52321
GI-36	0.852806337	0.82234752	24.90951	0	63.9026	0.051047884	0.713270084	0.625361263	0	0.538046708	0.718496638	0.25380917	79.56564	46.62718	0.43131138	3.12603	0.751930163	42.77723	1.153045485	61.27015	2.53373	10.89174	0.334324664	0.571394203	0.543330551	0.994415228	41.49391	0.990513272	0.609980706	0.156371148	1.151754168	0.967054876	1.220209198	0.086399936	0.3436897	0	0.974764713	76.86739	0	0	65.6795	1.339544243	0	79.40112	1.31410193	0.118668546	4.50806	0.125608434	54.62323	40.40803
GI-38	0.387143792	0.911618875	26.75744	0.154069863	16.84029	0.036617705	0.682591487	1.15750722	0.042747075	0.954760484	1.049131905	0.76129205	1.15659	22.01624	0.93014284	2.51005	0.274816133	16.36453	0.630825226	12.47642	52.9571	1.07456	0.125447798	0.829459521	0	0.826545175	3.46157	0.908186682	0.574271513	1.09047635	0.277875255	0.7233178	0.341438374	1.090301377	1.016338805	0.82826004	0.704533153	38.93036	0.205407104	0.97396019	56.86982	0	1.026480772	46.42769	0.827878389	0	0	0	7.31687	15.50324
GI-4-	0	0.029322801	2.91755	0.158416664	0	0	0	0.028842713	0	0	0.021500331	0.029850681	0	0	0	3.85183	0.051200524	0	0	0	0	3.04868	0.01319313	0.065484292	0	0.013218627	0	0.034725898	0.234133173	0.019179104	0	0	0.015023868	0.022349715	0	0.310879124	0	0	0	0	1.75381	0	0	0	0	0.053845703	4.65497	0	0	0
GI-40	0.404897701	0.12471562	19.67621	0.147088163	6.93234	0.403471805	0.342012544	0.453554051	0.986950734	0.837051153	0.405252615	0.998602338	0	0	0	11.62308	0.160042673	1.36986	0.061121912	10.12868	33.37484	22.04234	0	0	0.076888649	1.047564719	4.44168	1.075444805	1.058652181	1.130062349	0.471363315	0.973652356	0.123660164	1.074514203	1.083697195	1.096342978	1.218559194	54.42092	0.287266736	1.267059055	65.87796	0.015274981	1.413254012	24.36696	0.400389631	0	0	0	49.31507	26.06891
GI-41	0.318450398	0.267698671	9.8882	0.098411574	14.75776	0.173442022	0.400091033	0.191569569	0.382681307	0.289795686	0.595842041	0.453060223	25.51553	17.91304	0.121289268	20.27329	0.140184679	7.13044	0.305745187	17.91304	0	19.42857	0.059616252	0.343820784	0.128064924	0.850440476	3.60248	0.917534771	0.434577891	0.929391886	0.589261809	0.737741674	0.034829055	0.905165033	0.908928265	0.772479206	0.156674349	17.86335	0.05965739	0.655997623	3.70186	0.441872696	0.885700425	11.92547	0.295955488	0.170128226	8.52174	0	18.18634	23.18012
GI-44	0.549781643	0.472866778	41.29693	0.210940959	30.0031	0.611491992	0.249591612	0.277457658	0.343537101	0.447256122	0.638219457	0.456848768	0	0	0.256462377	15.79274	0.217852445	22.71176	0.381406704	38.8458	10.42507	12.37977	0.340212222	0.300936553	0.326669795	0.986646443	41.39001	0.922286516	0.509838106	0.776859568	0.784436073	0.607897342	0.930141137	1.050334392	0.619146945	0.740873392	0.826176887	35.30872	0.640905152	0.975763387	50.13962	0.701517655	0.489721494	20.01241	0.614583874	1.216335846	56.99659	0.530438093	56.81043	65.15669
GI-47	0.587821358	0.660442899	35.03409	0.534086783	40.5762	0.655551868	0.603225306	0.569244368	0.889255941	0.803334305	0.890722978	0.920422001	34.88014	40.44425	0.698314904	25.68727	0.48924808	28.39235	0.678247357	27.99648	32.04311	45.04068	0.697394589	0.547300395	0.930487094	0.915392228	34.24236	1.003306979	0.923499776	1.017539063	0.495806977	0.832877356	0.749718583	1.026781253	0.82488667	0.706462475	0.681304639	59.88564	0.679296472	0.806201661	30.81152	0.985506228	0.978687604	18.71564	0.43964362	0.437021381	22.76226	0.638599779	41.58786	32.10908
GI-48	0.110111896	0.299492043	11.14027	0.351170574	12.5401	0	0.037570515	0.017261507	0.074094112	0.21725155	0.100543904	0.438081497	1.45815	12.33596	0.124818276	18.6935	0.393525929	0	0.123699906	8.57393	28.66725	25.19685	0.39993858	0.52886629	0.565758595	1.115526066	36.80373	1.075444805	1.099750052	1.172063093	0.854146331	1.076558681	1.272082971	1.11836203	1.068208182	1.073642319	1.144355932	60.77574	0.498449719	1.198772497	58.1219	1.259923952	1.173725857	65.6168	1.13890837	1.265467174	60.07583	1.470976411	51.58938	64.59609
GI-5-	0.119765029	0.925388174	23.29608	0.639540698	0.39448	1.050825144	0.181219363	0.321838015	0.059476639	0.38421731	0.726819287	0	0	1.97239	0.518821949	25.50953	0.511277075	23.29608	0.891389342	46.15385	0	16.69954	0.036611234	0.492109031	0.456134507	0.306106424	5.15012	0.43508023	0.392628321	0.43018546	1.154125116	0.371196985	1.153868128	0.681379733	1.032855717	0.401247606	0.35690569	74.38089	0.163426944	0.275097044	24.67675	1.322841254	0.416218046	31.44861	0.493114973	1.293668013	70.10738	0	57.57177	61.27548
GI-54	0	0	0	0	0	0	0	0.073341609	0	0	0	0	0	0	0	0	0	0	0.322891257	0	1.05799	0	0	0	0	0	0	0	0	0	0	0	0	0	0.804604872	0	0	0	0	0	0	0	0	0	0	0	0	0	0	0
GI-56	0.328742922	0.004179939	18.83107	0.359204621	16.01807	0.19565456	0.754138479	0.377256151	0.980897257	0.531878572	0.912958808	0.813496788	0	18.61245	0.781722275	50.61944	0.548398387	4.05189	0.350657844	44.52704	1.00568	18.10232	0.121965563	0.094010723	0.279025829	0.878480367	44.54161	0.064736723	0	0.024363811	1.028777389	0.622590945	0.033399148	0.843578568	0.157421333	0.628307911	0	54.77335	0.741913167	0.590204735	15.75572	0.00297963	0.109179817	31.10334	0.519092101	0.641820393	35.18437	0.05254579	19.64728	24.0927
GI-57	0	0.068173917	12.06951	0	0	0	0.0269785	0.325504743	0.092589309	0.368166531	0.90115206	0.112450313	7.1722	0	0.226509613	5.81359	0.194280856	11.12164	0.202734225	7.80411	8.30964	12.60664	0.207292251	0.062354801	0.112040419	0.170226741	3.34913	0.366636664	0	0	0.007864562	0.03397154	0.076234903	0.980569064	0	0	0.276952172	0	0	0.069324056	0	0	0.154767704	0	0	0	0	0	26.06635	33.17536
GI-59	0.104215951	0.264477681	76.32968	1.116402339	14.45392	0	0.302279045	0.064950255	0	0.33697049	0.03676181	0.954960869	8.60739	16.36216	0.097747033	43.03695	0	2.63906	0.031262047	10.92164	28.25822	53.18717	0.174499796	0.167094435	0	1.117825406	15.46894	1.073698283	1.210979434	0.815391025	1.053917886	1.015900546	1.196902436	1.068799885	1.058582902	1.08120873	1.526608526	74.54324	0	1.416838749	69.54933	0.319827673	0.714686086	16.60576	0.114889196	0.556635314	20.25985	1.531288818	75.84247	79.04994
GI-6-	0.201969266	0.079220547	11.64841	0.073931185	7.10043	0.351451958	0.312978617	0.028953574	0	0.641360927	0.738040632	0.054466937	28.66159	5.58753	0.108872537	11.01726	0.269690241	7.53666	0.641823037	43.58641	1.45721	15.53741	0.046939633	0.667026351	0.649104888	0.655175933	46.43586	0.611288635	0.342800535	0.511777695	0.392971944	0.275855289	0.625182385	0.237116944	0.458702313	0.427689754	0.099210266	13.43976	0.473427471	0.435003807	11.82476	0.061729838	0.502507598	17.26378	0.283541843	0.112614278	7.74086	0.421376093	31.4832	28.03044
GI-69	0.376888362	0.6566564	21.76245	0.298563024	30.88123	0.685361395	0.889051803	0.361623483	0.384399591	1.034942952	0.823696378	0.555937878	3.94636	23.86973	0.528340173	60.42145	0.631843106	6.81992	0.617457484	29.42529	9.38697	5.78544	0.236242841	0.876479504	0.684461502	0.972469236	43.63985	1.051546056	0.846118791	0.443747152	1.14079124	0.790849914	1.086108473	0.230130798	0.910316447	0.807345324	0.883101322	59.65517	0.714860032	0.467792412	23.86973	1.218745151	0.806137574	76.13027	1.045129795	1.217832258	77.50958	1.308789673	49.65517	33.10345
GI-7-	0.265530142	0.190138463	7.70626	0.202598236	5.46561	0.247670925	0.201002898	0.148763341	0.086939743	0.314835515	0.153353303	0.211053654	12.67971	10.98303	0.204757362	9.75262	0.241106312	7.33066	0.220971917	10.21888	4.70146	11.82489	0.131590802	0.214771098	0.32843857	0.40968267	18.48206	0.509795144	0.230024729	0.316709243	0.29828144	0.740294809	0.376574628	0.195139782	0.440550394	0.18615542	1.174897678	8.78125	0.173076676	0.287266871	14.51885	0.330081045	0.266198922	14.27276	0.203346377	0.236944776	12.45953	0.178743613	11.76013	12.49838
GI-8-	0.380917139	0.811130595	48.85823	0.600618123	17.72122	0.535449601	0.497437887	0.813941747	0.399008403	0.673422108	0.836379201	0.660564348	7.255	17.41199	0.912137877	18.74405	0.276799287	29.97146	0.714305328	38.36822	43.93435	23.83444	0.214944998	0.846711794	0.640017661	0.374343316	18.19696	0.691978613	0.637554816	0.532528581	0.964251855	0.171135726	0.400153137	0.387876774	0.92605551	0.618322858	0.061126375	10.34729	0.320708134	0.354330251	19.67174	0.203910905	0.444946998	41.57945	0.808083893	0.353553037	19.29115	0.498237056	24.38154	31.30352
GI-9	0	1.200832596	2.05915	0.020132724	0	0	0.976803722	0	0	0.227927198	0.287562285	0	0	0	0.178100344	0	0.095878197	15.39997	0.019892753	0	45.12667	0	0.097987056	0	0	0.302495336	0	0.102672608	0	0.328711332	0	0	0.107661188	0.053581821	0.021794004	1.04681393	1.51062498	38.28778	0	0	10.57032	0.069393359	0	0	0	0	0	0	0	0