S.sanguinisNZ_GL872310.1	0	2500	0.397200
S.sanguinisNZ_GL872310.1	2500	5000	0.367200
S.sanguinisNZ_GL872310.1	5000	7500	0.368400
S.sanguinisNZ_GL872310.1	7500	10000	0.373200
S.sanguinisNZ_GL872310.1	10000	12500	0.362000
S.sanguinisNZ_GL872310.1	12500	15000	0.359200
S.sanguinisNZ_GL872310.1	15000	17500	0.353600
S.sanguinisNZ_GL872310.1	17500	20000	0.330400
S.sanguinisNZ_GL872310.1	20000	22500	0.343600
S.sanguinisNZ_GL872310.1	22500	25000	0.353600
S.sanguinisNZ_GL872310.1	25000	27500	0.365200
S.sanguinisNZ_GL872310.1	27500	30000	0.400400
S.sanguinisNZ_GL872310.1	30000	32500	0.381600
S.sanguinisNZ_GL872310.1	32500	35000	0.397200
S.sanguinisNZ_GL872310.1	35000	37500	0.420400
S.sanguinisNZ_GL872310.1	37500	40000	0.413600
S.sanguinisNZ_GL872310.1	40000	42500	0.416800
S.sanguinisNZ_GL872310.1	42500	45000	0.421600
S.sanguinisNZ_GL872310.1	45000	47500	0.452800
S.sanguinisNZ_GL872310.1	47500	50000	0.439200
S.sanguinisNZ_GL872310.1	50000	52500	0.445200
S.sanguinisNZ_GL872310.1	52500	55000	0.443600
S.sanguinisNZ_GL872310.1	55000	57500	0.443600
S.sanguinisNZ_GL872310.1	57500	60000	0.404800
S.sanguinisNZ_GL872310.1	60000	62500	0.435600
S.sanguinisNZ_GL872310.1	62500	65000	0.464400
S.sanguinisNZ_GL872310.1	65000	67500	0.432000
S.sanguinisNZ_GL872310.1	67500	70000	0.469600
S.sanguinisNZ_GL872310.1	70000	72500	0.474400
S.sanguinisNZ_GL872310.1	72500	75000	0.434000
S.sanguinisNZ_GL872310.1	75000	77500	0.445200
S.sanguinisNZ_GL872310.1	77500	80000	0.381600
S.sanguinisNZ_GL872310.1	80000	82500	0.485200
S.sanguinisNZ_GL872310.1	82500	85000	0.435200
S.sanguinisNZ_GL872310.1	85000	87500	0.407200
S.sanguinisNZ_GL872310.1	87500	90000	0.413200
S.sanguinisNZ_GL872310.1	90000	92500	0.422800
S.sanguinisNZ_GL872310.1	92500	95000	0.456400
S.sanguinisNZ_GL872310.1	95000	97500	0.444000
S.sanguinisNZ_GL872310.1	97500	100000	0.404800
S.sanguinisNZ_GL872310.1	100000	102500	0.410400
S.sanguinisNZ_GL872310.1	102500	105000	0.456400
S.sanguinisNZ_GL872310.1	105000	107500	0.437600
S.sanguinisNZ_GL872310.1	107500	110000	0.393600
S.sanguinisNZ_GL872310.1	110000	112500	0.438400
S.sanguinisNZ_GL872310.1	112500	115000	0.506400
S.sanguinisNZ_GL872310.1	115000	117500	0.415600
S.sanguinisNZ_GL872310.1	117500	120000	0.361200
S.sanguinisNZ_GL872310.1	120000	122500	0.414000
S.sanguinisNZ_GL872310.1	122500	125000	0.337200
S.sanguinisNZ_GL872310.1	125000	127500	0.331600
S.sanguinisNZ_GL872310.1	127500	130000	0.479600
S.sanguinisNZ_GL872310.1	130000	132500	0.478800
S.sanguinisNZ_GL872310.1	132500	135000	0.468400
S.sanguinisNZ_GL872310.1	135000	137500	0.451200
S.sanguinisNZ_GL872310.1	137500	140000	0.458800
S.sanguinisNZ_GL872310.1	140000	142500	0.427200
S.sanguinisNZ_GL872310.1	142500	145000	0.438000
S.sanguinisNZ_GL872310.1	145000	147500	0.410000
S.sanguinisNZ_GL872310.1	147500	150000	0.424000
S.sanguinisNZ_GL872310.1	150000	152500	0.418000
S.sanguinisNZ_GL872310.1	152500	155000	0.406800
S.sanguinisNZ_GL872310.1	155000	156076	0.373606
S.sanguinisNZ_GL872311.1	0	2500	0.377200
S.sanguinisNZ_GL872311.1	2500	5000	0.460400
S.sanguinisNZ_GL872311.1	5000	7500	0.470000
S.sanguinisNZ_GL872311.1	7500	10000	0.429600
S.sanguinisNZ_GL872311.1	10000	12500	0.464400
S.sanguinisNZ_GL872311.1	12500	15000	0.368400
S.sanguinisNZ_GL872311.1	15000	17500	0.483200
S.sanguinisNZ_GL872311.1	17500	20000	0.328800
S.sanguinisNZ_GL872311.1	20000	22500	0.382800
S.sanguinisNZ_GL872311.1	22500	25000	0.431200
S.sanguinisNZ_GL872311.1	25000	27500	0.438800
S.sanguinisNZ_GL872311.1	27500	30000	0.466000
S.sanguinisNZ_GL872311.1	30000	32500	0.438800
S.sanguinisNZ_GL872311.1	32500	35000	0.455200
S.sanguinisNZ_GL872311.1	35000	37500	0.463200
S.sanguinisNZ_GL872311.1	37500	40000	0.431200
S.sanguinisNZ_GL872311.1	40000	42500	0.448800
S.sanguinisNZ_GL872311.1	42500	45000	0.441600
S.sanguinisNZ_GL872311.1	45000	47500	0.447600
S.sanguinisNZ_GL872311.1	47500	50000	0.462400
S.sanguinisNZ_GL872311.1	50000	52500	0.452400
S.sanguinisNZ_GL872311.1	52500	55000	0.467600
S.sanguinisNZ_GL872311.1	55000	57500	0.433200
S.sanguinisNZ_GL872311.1	57500	60000	0.373600
S.sanguinisNZ_GL872311.1	60000	62500	0.323600
S.sanguinisNZ_GL872311.1	62500	65000	0.416800
S.sanguinisNZ_GL872311.1	65000	67500	0.343200
S.sanguinisNZ_GL872311.1	67500	70000	0.398000
S.sanguinisNZ_GL872311.1	70000	72500	0.438000
S.sanguinisNZ_GL872311.1	72500	75000	0.424400
S.sanguinisNZ_GL872311.1	75000	77500	0.436800
S.sanguinisNZ_GL872311.1	77500	80000	0.458000
S.sanguinisNZ_GL872311.1	80000	82500	0.443600
S.sanguinisNZ_GL872311.1	82500	85000	0.414000
S.sanguinisNZ_GL872311.1	85000	87500	0.447600
S.sanguinisNZ_GL872311.1	87500	90000	0.445600
S.sanguinisNZ_GL872311.1	90000	92500	0.410000
S.sanguinisNZ_GL872311.1	92500	95000	0.456400
S.sanguinisNZ_GL872311.1	95000	97500	0.412800
S.sanguinisNZ_GL872311.1	97500	100000	0.415600
S.sanguinisNZ_GL872311.1	100000	102500	0.433600
S.sanguinisNZ_GL872311.1	102500	105000	0.435600
S.sanguinisNZ_GL872311.1	105000	107500	0.440800
S.sanguinisNZ_GL872311.1	107500	110000	0.451200
S.sanguinisNZ_GL872311.1	110000	112500	0.448800
S.sanguinisNZ_GL872311.1	112500	115000	0.449200
S.sanguinisNZ_GL872311.1	115000	117500	0.376800
S.sanguinisNZ_GL872311.1	117500	120000	0.436000
S.sanguinisNZ_GL872311.1	120000	122500	0.435200
S.sanguinisNZ_GL872311.1	122500	125000	0.431200
S.sanguinisNZ_GL872311.1	125000	127500	0.383200
S.sanguinisNZ_GL872311.1	127500	130000	0.446000
S.sanguinisNZ_GL872311.1	130000	132500	0.448400
S.sanguinisNZ_GL872311.1	132500	135000	0.450400
S.sanguinisNZ_GL872311.1	135000	137500	0.447600
S.sanguinisNZ_GL872311.1	137500	140000	0.374400
S.sanguinisNZ_GL872311.1	140000	142500	0.395200
S.sanguinisNZ_GL872311.1	142500	145000	0.446800
S.sanguinisNZ_GL872311.1	145000	147500	0.410000
S.sanguinisNZ_GL872311.1	147500	150000	0.444800
S.sanguinisNZ_GL872311.1	150000	152500	0.436000
S.sanguinisNZ_GL872311.1	152500	155000	0.393200
S.sanguinisNZ_GL872311.1	155000	157500	0.444000
S.sanguinisNZ_GL872311.1	157500	160000	0.420000
S.sanguinisNZ_GL872311.1	160000	162500	0.424400
S.sanguinisNZ_GL872311.1	162500	165000	0.448800
S.sanguinisNZ_GL872311.1	165000	167500	0.471200
S.sanguinisNZ_GL872311.1	167500	170000	0.442400
S.sanguinisNZ_GL872311.1	170000	172500	0.445600
S.sanguinisNZ_GL872311.1	172500	175000	0.433600
S.sanguinisNZ_GL872311.1	175000	177500	0.459600
S.sanguinisNZ_GL872311.1	177500	180000	0.463600
S.sanguinisNZ_GL872311.1	180000	182500	0.450000
S.sanguinisNZ_GL872311.1	182500	185000	0.467200
S.sanguinisNZ_GL872311.1	185000	187500	0.443600
S.sanguinisNZ_GL872311.1	187500	190000	0.500000
S.sanguinisNZ_GL872311.1	190000	192500	0.394000
S.sanguinisNZ_GL872311.1	192500	195000	0.418800
S.sanguinisNZ_GL872311.1	195000	197500	0.423200
S.sanguinisNZ_GL872311.1	197500	200000	0.432000
S.sanguinisNZ_GL872311.1	200000	202500	0.439200
S.sanguinisNZ_GL872311.1	202500	205000	0.470000
S.sanguinisNZ_GL872311.1	205000	207500	0.456800
S.sanguinisNZ_GL872311.1	207500	210000	0.406000
S.sanguinisNZ_GL872311.1	210000	212500	0.342000
S.sanguinisNZ_GL872311.1	212500	215000	0.328000
S.sanguinisNZ_GL872311.1	215000	217500	0.386400
S.sanguinisNZ_GL872311.1	217500	220000	0.451600
S.sanguinisNZ_GL872311.1	220000	222500	0.428400
S.sanguinisNZ_GL872311.1	222500	225000	0.434400
S.sanguinisNZ_GL872311.1	225000	227500	0.401600
S.sanguinisNZ_GL872311.1	227500	230000	0.446400
S.sanguinisNZ_GL872311.1	230000	232500	0.415600
S.sanguinisNZ_GL872311.1	232500	235000	0.419600
S.sanguinisNZ_GL872311.1	235000	237500	0.443600
S.sanguinisNZ_GL872311.1	237500	240000	0.481600
S.sanguinisNZ_GL872311.1	240000	242500	0.457600
S.sanguinisNZ_GL872311.1	242500	245000	0.443200
S.sanguinisNZ_GL872311.1	245000	247500	0.443600
S.sanguinisNZ_GL872311.1	247500	250000	0.446400
S.sanguinisNZ_GL872311.1	250000	252500	0.404400
S.sanguinisNZ_GL872311.1	252500	255000	0.424400
S.sanguinisNZ_GL872311.1	255000	257500	0.386000
S.sanguinisNZ_GL872311.1	257500	260000	0.422400
S.sanguinisNZ_GL872311.1	260000	262500	0.409600
S.sanguinisNZ_GL872311.1	262500	265000	0.449200
S.sanguinisNZ_GL872311.1	265000	267500	0.458800
S.sanguinisNZ_GL872311.1	267500	270000	0.440800
S.sanguinisNZ_GL872311.1	270000	272500	0.390000
S.sanguinisNZ_GL872311.1	272500	275000	0.438800
S.sanguinisNZ_GL872311.1	275000	277500	0.424000
S.sanguinisNZ_GL872311.1	277500	280000	0.397200
S.sanguinisNZ_GL872311.1	280000	282500	0.334000
S.sanguinisNZ_GL872311.1	282500	285000	0.393200
S.sanguinisNZ_GL872311.1	285000	287500	0.426000
S.sanguinisNZ_GL872311.1	287500	290000	0.431200
S.sanguinisNZ_GL872311.1	290000	292500	0.428000
S.sanguinisNZ_GL872311.1	292500	295000	0.428000
S.sanguinisNZ_GL872311.1	295000	297500	0.396400
S.sanguinisNZ_GL872311.1	297500	300000	0.416400
S.sanguinisNZ_GL872311.1	300000	302500	0.407200
S.sanguinisNZ_GL872311.1	302500	305000	0.458000
S.sanguinisNZ_GL872311.1	305000	307500	0.466800
S.sanguinisNZ_GL872311.1	307500	310000	0.388800
S.sanguinisNZ_GL872311.1	310000	312500	0.414800
S.sanguinisNZ_GL872311.1	312500	315000	0.477600
S.sanguinisNZ_GL872311.1	315000	317500	0.451600
S.sanguinisNZ_GL872311.1	317500	320000	0.421200
S.sanguinisNZ_GL872311.1	320000	322500	0.422000
S.sanguinisNZ_GL872311.1	322500	325000	0.395600
S.sanguinisNZ_GL872311.1	325000	327500	0.422000
S.sanguinisNZ_GL872311.1	327500	330000	0.505200
S.sanguinisNZ_GL872311.1	330000	332500	0.472400
S.sanguinisNZ_GL872311.1	332500	335000	0.472000
S.sanguinisNZ_GL872311.1	335000	337500	0.418400
S.sanguinisNZ_GL872311.1	337500	340000	0.338400
S.sanguinisNZ_GL872311.1	340000	342500	0.328400
S.sanguinisNZ_GL872311.1	342500	345000	0.276000
S.sanguinisNZ_GL872311.1	345000	347500	0.321600
S.sanguinisNZ_GL872311.1	347500	350000	0.375600
S.sanguinisNZ_GL872311.1	350000	352500	0.435200
S.sanguinisNZ_GL872311.1	352500	355000	0.495200
S.sanguinisNZ_GL872311.1	355000	357500	0.485600
S.sanguinisNZ_GL872311.1	357500	360000	0.462000
S.sanguinisNZ_GL872311.1	360000	362500	0.491600
S.sanguinisNZ_GL872311.1	362500	365000	0.511200
S.sanguinisNZ_GL872311.1	365000	367500	0.494000
S.sanguinisNZ_GL872311.1	367500	370000	0.384000
S.sanguinisNZ_GL872311.1	370000	372500	0.480400
S.sanguinisNZ_GL872311.1	372500	375000	0.449200
S.sanguinisNZ_GL872311.1	375000	377500	0.416400
S.sanguinisNZ_GL872311.1	377500	380000	0.332000
S.sanguinisNZ_GL872311.1	380000	382500	0.378400
S.sanguinisNZ_GL872311.1	382500	385000	0.377600
S.sanguinisNZ_GL872311.1	385000	387500	0.349600
S.sanguinisNZ_GL872311.1	387500	390000	0.380000
S.sanguinisNZ_GL872311.1	390000	392500	0.450400
S.sanguinisNZ_GL872311.1	392500	395000	0.432000
S.sanguinisNZ_GL872311.1	395000	397500	0.467200
S.sanguinisNZ_GL872311.1	397500	400000	0.480400
S.sanguinisNZ_GL872311.1	400000	402500	0.430400
S.sanguinisNZ_GL872311.1	402500	405000	0.434400
S.sanguinisNZ_GL872311.1	405000	407500	0.462400
S.sanguinisNZ_GL872311.1	407500	410000	0.462400
S.sanguinisNZ_GL872311.1	410000	412500	0.436400
S.sanguinisNZ_GL872311.1	412500	415000	0.426800
S.sanguinisNZ_GL872311.1	415000	417500	0.426400
S.sanguinisNZ_GL872311.1	417500	420000	0.409200
S.sanguinisNZ_GL872311.1	420000	422500	0.424800
S.sanguinisNZ_GL872311.1	422500	425000	0.444400
S.sanguinisNZ_GL872311.1	425000	427500	0.460800
S.sanguinisNZ_GL872311.1	427500	430000	0.308800
S.sanguinisNZ_GL872311.1	430000	432500	0.426400
S.sanguinisNZ_GL872311.1	432500	435000	0.403200
S.sanguinisNZ_GL872311.1	435000	437500	0.441200
S.sanguinisNZ_GL872311.1	437500	440000	0.458000
S.sanguinisNZ_GL872311.1	440000	442500	0.468400
S.sanguinisNZ_GL872311.1	442500	445000	0.434400
S.sanguinisNZ_GL872311.1	445000	447500	0.473600
S.sanguinisNZ_GL872311.1	447500	450000	0.388400
S.sanguinisNZ_GL872311.1	450000	452500	0.412800
S.sanguinisNZ_GL872311.1	452500	455000	0.448400
S.sanguinisNZ_GL872311.1	455000	457500	0.471600
S.sanguinisNZ_GL872311.1	457500	460000	0.498000
S.sanguinisNZ_GL872311.1	460000	462500	0.452800
S.sanguinisNZ_GL872311.1	462500	465000	0.481600
S.sanguinisNZ_GL872311.1	465000	467500	0.344000
S.sanguinisNZ_GL872311.1	467500	470000	0.471200
S.sanguinisNZ_GL872311.1	470000	472500	0.460800
S.sanguinisNZ_GL872311.1	472500	475000	0.410400
S.sanguinisNZ_GL872311.1	475000	477500	0.468400
S.sanguinisNZ_GL872311.1	477500	480000	0.390800
S.sanguinisNZ_GL872311.1	480000	482500	0.424800
S.sanguinisNZ_GL872311.1	482500	485000	0.332400
S.sanguinisNZ_GL872311.1	485000	487500	0.393600
S.sanguinisNZ_GL872311.1	487500	490000	0.454800
S.sanguinisNZ_GL872311.1	490000	492500	0.387200
S.sanguinisNZ_GL872311.1	492500	495000	0.426000
S.sanguinisNZ_GL872311.1	495000	497500	0.422800
S.sanguinisNZ_GL872311.1	497500	500000	0.431200
S.sanguinisNZ_GL872311.1	500000	502500	0.430800
S.sanguinisNZ_GL872311.1	502500	505000	0.369200
S.sanguinisNZ_GL872311.1	505000	507500	0.440000
S.sanguinisNZ_GL872311.1	507500	510000	0.430800
S.sanguinisNZ_GL872311.1	510000	512500	0.384800
S.sanguinisNZ_GL872311.1	512500	515000	0.358800
S.sanguinisNZ_GL872311.1	515000	517500	0.413200
S.sanguinisNZ_GL872311.1	517500	520000	0.432400
S.sanguinisNZ_GL872311.1	520000	522500	0.400400
S.sanguinisNZ_GL872311.1	522500	525000	0.454400
S.sanguinisNZ_GL872311.1	525000	527500	0.429200
S.sanguinisNZ_GL872311.1	527500	530000	0.446000
S.sanguinisNZ_GL872311.1	530000	532500	0.363600
S.sanguinisNZ_GL872311.1	532500	535000	0.444400
S.sanguinisNZ_GL872311.1	535000	537500	0.436800
S.sanguinisNZ_GL872311.1	537500	540000	0.444800
S.sanguinisNZ_GL872311.1	540000	542500	0.458000
S.sanguinisNZ_GL872311.1	542500	545000	0.458000
S.sanguinisNZ_GL872311.1	545000	547500	0.406800
S.sanguinisNZ_GL872311.1	547500	550000	0.369600
S.sanguinisNZ_GL872311.1	550000	552500	0.432400
S.sanguinisNZ_GL872311.1	552500	555000	0.448000
S.sanguinisNZ_GL872311.1	555000	557500	0.403200
S.sanguinisNZ_GL872311.1	557500	560000	0.444400
S.sanguinisNZ_GL872311.1	560000	562500	0.423200
S.sanguinisNZ_GL872311.1	562500	565000	0.392800
S.sanguinisNZ_GL872311.1	565000	567500	0.432800
S.sanguinisNZ_GL872311.1	567500	570000	0.428800
S.sanguinisNZ_GL872311.1	570000	572500	0.431600
S.sanguinisNZ_GL872311.1	572500	575000	0.419600
S.sanguinisNZ_GL872311.1	575000	577500	0.425600
S.sanguinisNZ_GL872311.1	577500	580000	0.431600
S.sanguinisNZ_GL872311.1	580000	582500	0.414800
S.sanguinisNZ_GL872311.1	582500	585000	0.390400
S.sanguinisNZ_GL872311.1	585000	587500	0.426400
S.sanguinisNZ_GL872311.1	587500	590000	0.426000
S.sanguinisNZ_GL872311.1	590000	592500	0.438800
S.sanguinisNZ_GL872311.1	592500	595000	0.429600
S.sanguinisNZ_GL872311.1	595000	597500	0.427600
S.sanguinisNZ_GL872311.1	597500	600000	0.421600
S.sanguinisNZ_GL872311.1	600000	602500	0.443200
S.sanguinisNZ_GL872311.1	602500	605000	0.395200
S.sanguinisNZ_GL872311.1	605000	607500	0.418800
S.sanguinisNZ_GL872311.1	607500	610000	0.430800
S.sanguinisNZ_GL872311.1	610000	612500	0.370000
S.sanguinisNZ_GL872311.1	612500	615000	0.328400
S.sanguinisNZ_GL872311.1	615000	617500	0.414800
S.sanguinisNZ_GL872311.1	617500	620000	0.376000
S.sanguinisNZ_GL872311.1	620000	622500	0.404400
S.sanguinisNZ_GL872311.1	622500	625000	0.442800
S.sanguinisNZ_GL872311.1	625000	627500	0.464400
S.sanguinisNZ_GL872311.1	627500	630000	0.439600
S.sanguinisNZ_GL872311.1	630000	632500	0.457200
S.sanguinisNZ_GL872311.1	632500	635000	0.422400
S.sanguinisNZ_GL872311.1	635000	637500	0.427200
S.sanguinisNZ_GL872311.1	637500	640000	0.458800
S.sanguinisNZ_GL872311.1	640000	642500	0.448000
S.sanguinisNZ_GL872311.1	642500	645000	0.401600
S.sanguinisNZ_GL872311.1	645000	647500	0.421600
S.sanguinisNZ_GL872311.1	647500	650000	0.420400
S.sanguinisNZ_GL872311.1	650000	652500	0.430000
S.sanguinisNZ_GL872311.1	652500	655000	0.398800
S.sanguinisNZ_GL872311.1	655000	657500	0.409200
S.sanguinisNZ_GL872311.1	657500	660000	0.386000
S.sanguinisNZ_GL872311.1	660000	662500	0.435600
S.sanguinisNZ_GL872311.1	662500	665000	0.432400
S.sanguinisNZ_GL872311.1	665000	667500	0.399600
S.sanguinisNZ_GL872311.1	667500	670000	0.404800
S.sanguinisNZ_GL872311.1	670000	672500	0.342400
S.sanguinisNZ_GL872311.1	672500	675000	0.362000
S.sanguinisNZ_GL872311.1	675000	677500	0.328400
S.sanguinisNZ_GL872311.1	677500	680000	0.351200
S.sanguinisNZ_GL872311.1	680000	682500	0.396400
S.sanguinisNZ_GL872311.1	682500	685000	0.393200
S.sanguinisNZ_GL872311.1	685000	687500	0.418800
S.sanguinisNZ_GL872311.1	687500	690000	0.424000
S.sanguinisNZ_GL872311.1	690000	692500	0.430400
S.sanguinisNZ_GL872311.1	692500	695000	0.461200
S.sanguinisNZ_GL872311.1	695000	697500	0.441600
S.sanguinisNZ_GL872311.1	697500	700000	0.410000
S.sanguinisNZ_GL872311.1	700000	702500	0.426800
S.sanguinisNZ_GL872311.1	702500	705000	0.391600
S.sanguinisNZ_GL872311.1	705000	707500	0.472800
S.sanguinisNZ_GL872311.1	707500	710000	0.465200
S.sanguinisNZ_GL872311.1	710000	712500	0.432000
S.sanguinisNZ_GL872311.1	712500	715000	0.420000
S.sanguinisNZ_GL872311.1	715000	717500	0.439600
S.sanguinisNZ_GL872311.1	717500	720000	0.396800
S.sanguinisNZ_GL872311.1	720000	722500	0.427600
S.sanguinisNZ_GL872311.1	722500	725000	0.450800
S.sanguinisNZ_GL872311.1	725000	727500	0.407200
S.sanguinisNZ_GL872311.1	727500	730000	0.473600
S.sanguinisNZ_GL872311.1	730000	732500	0.433200
S.sanguinisNZ_GL872311.1	732500	735000	0.448000
S.sanguinisNZ_GL872311.1	735000	737500	0.438400
S.sanguinisNZ_GL872311.1	737500	740000	0.402800
S.sanguinisNZ_GL872311.1	740000	742500	0.384800
S.sanguinisNZ_GL872311.1	742500	745000	0.415200
S.sanguinisNZ_GL872311.1	745000	747500	0.431600
S.sanguinisNZ_GL872311.1	747500	750000	0.398000
S.sanguinisNZ_GL872311.1	750000	752500	0.355200
S.sanguinisNZ_GL872311.1	752500	755000	0.408800
S.sanguinisNZ_GL872311.1	755000	757500	0.423600
S.sanguinisNZ_GL872311.1	757500	760000	0.431200
S.sanguinisNZ_GL872311.1	760000	762500	0.400000
S.sanguinisNZ_GL872311.1	762500	765000	0.414800
S.sanguinisNZ_GL872311.1	765000	767500	0.420800
S.sanguinisNZ_GL872311.1	767500	770000	0.415600
S.sanguinisNZ_GL872311.1	770000	772500	0.431200
S.sanguinisNZ_GL872311.1	772500	775000	0.477200
S.sanguinisNZ_GL872311.1	775000	777500	0.436400
S.sanguinisNZ_GL872311.1	777500	780000	0.489600
S.sanguinisNZ_GL872311.1	780000	782500	0.474400
S.sanguinisNZ_GL872311.1	782500	785000	0.482400
S.sanguinisNZ_GL872311.1	785000	787500	0.454400
S.sanguinisNZ_GL872311.1	787500	790000	0.452800
S.sanguinisNZ_GL872311.1	790000	792500	0.465600
S.sanguinisNZ_GL872311.1	792500	795000	0.429200
S.sanguinisNZ_GL872311.1	795000	797500	0.392000
S.sanguinisNZ_GL872311.1	797500	800000	0.434800
S.sanguinisNZ_GL872311.1	800000	802500	0.435600
S.sanguinisNZ_GL872311.1	802500	805000	0.432000
S.sanguinisNZ_GL872311.1	805000	807500	0.484800
S.sanguinisNZ_GL872311.1	807500	810000	0.444000
S.sanguinisNZ_GL872311.1	810000	812500	0.394000
S.sanguinisNZ_GL872311.1	812500	815000	0.342400
S.sanguinisNZ_GL872311.1	815000	817500	0.451200
S.sanguinisNZ_GL872311.1	817500	820000	0.437600
S.sanguinisNZ_GL872311.1	820000	822500	0.413200
S.sanguinisNZ_GL872311.1	822500	825000	0.401600
S.sanguinisNZ_GL872311.1	825000	827500	0.421600
S.sanguinisNZ_GL872311.1	827500	830000	0.434800
S.sanguinisNZ_GL872311.1	830000	832500	0.456800
S.sanguinisNZ_GL872311.1	832500	835000	0.380400
S.sanguinisNZ_GL872311.1	835000	837500	0.329200
S.sanguinisNZ_GL872311.1	837500	840000	0.448000
S.sanguinisNZ_GL872311.1	840000	842500	0.444000
S.sanguinisNZ_GL872311.1	842500	845000	0.455600
S.sanguinisNZ_GL872311.1	845000	847500	0.436800
S.sanguinisNZ_GL872311.1	847500	850000	0.416000
S.sanguinisNZ_GL872311.1	850000	852500	0.432800
S.sanguinisNZ_GL872311.1	852500	855000	0.460400
S.sanguinisNZ_GL872311.1	855000	857500	0.455600
S.sanguinisNZ_GL872311.1	857500	860000	0.430000
S.sanguinisNZ_GL872311.1	860000	862500	0.437200
S.sanguinisNZ_GL872311.1	862500	865000	0.455600
S.sanguinisNZ_GL872311.1	865000	867500	0.462400
S.sanguinisNZ_GL872311.1	867500	870000	0.446800
S.sanguinisNZ_GL872311.1	870000	872500	0.410000
S.sanguinisNZ_GL872311.1	872500	875000	0.474000
S.sanguinisNZ_GL872311.1	875000	877500	0.480000
S.sanguinisNZ_GL872311.1	877500	880000	0.458000
S.sanguinisNZ_GL872311.1	880000	882500	0.422000
S.sanguinisNZ_GL872311.1	882500	885000	0.475200
S.sanguinisNZ_GL872311.1	885000	887500	0.443200
S.sanguinisNZ_GL872311.1	887500	890000	0.456000
S.sanguinisNZ_GL872311.1	890000	892500	0.470800
S.sanguinisNZ_GL872311.1	892500	895000	0.476400
S.sanguinisNZ_GL872311.1	895000	897500	0.466000
S.sanguinisNZ_GL872311.1	897500	900000	0.431600
S.sanguinisNZ_GL872311.1	900000	902500	0.449200
S.sanguinisNZ_GL872311.1	902500	905000	0.437600
S.sanguinisNZ_GL872311.1	905000	907500	0.452800
S.sanguinisNZ_GL872311.1	907500	910000	0.438400
S.sanguinisNZ_GL872311.1	910000	912500	0.382000
S.sanguinisNZ_GL872311.1	912500	915000	0.413600
S.sanguinisNZ_GL872311.1	915000	917500	0.447600
S.sanguinisNZ_GL872311.1	917500	920000	0.443600
S.sanguinisNZ_GL872311.1	920000	922500	0.445200
S.sanguinisNZ_GL872311.1	922500	925000	0.443200
S.sanguinisNZ_GL872311.1	925000	927500	0.439200
S.sanguinisNZ_GL872311.1	927500	930000	0.442400
S.sanguinisNZ_GL872311.1	930000	932500	0.410000
S.sanguinisNZ_GL872311.1	932500	935000	0.438000
S.sanguinisNZ_GL872311.1	935000	937500	0.460800
S.sanguinisNZ_GL872311.1	937500	940000	0.456800
S.sanguinisNZ_GL872311.1	940000	942500	0.456400
S.sanguinisNZ_GL872311.1	942500	945000	0.435200
S.sanguinisNZ_GL872311.1	945000	947500	0.339200
S.sanguinisNZ_GL872311.1	947500	950000	0.454400
S.sanguinisNZ_GL872311.1	950000	952500	0.468000
S.sanguinisNZ_GL872311.1	952500	955000	0.404000
S.sanguinisNZ_GL872311.1	955000	957500	0.409200
S.sanguinisNZ_GL872311.1	957500	960000	0.446800
S.sanguinisNZ_GL872311.1	960000	962500	0.450400
S.sanguinisNZ_GL872311.1	962500	965000	0.410400
S.sanguinisNZ_GL872311.1	965000	967500	0.492400
S.sanguinisNZ_GL872311.1	967500	970000	0.503200
S.sanguinisNZ_GL872311.1	970000	972500	0.476400
S.sanguinisNZ_GL872311.1	972500	975000	0.467600
S.sanguinisNZ_GL872311.1	975000	977500	0.492800
S.sanguinisNZ_GL872311.1	977500	980000	0.443200
S.sanguinisNZ_GL872311.1	980000	982500	0.548800
S.sanguinisNZ_GL872311.1	982500	985000	0.560400
S.sanguinisNZ_GL872311.1	985000	987500	0.468400
S.sanguinisNZ_GL872311.1	987500	990000	0.439600
S.sanguinisNZ_GL872311.1	990000	992500	0.473600
S.sanguinisNZ_GL872311.1	992500	995000	0.399200
S.sanguinisNZ_GL872311.1	995000	997500	0.437600
S.sanguinisNZ_GL872311.1	997500	1000000	0.452800
S.sanguinisNZ_GL872311.1	1000000	1002500	0.477600
S.sanguinisNZ_GL872311.1	1002500	1005000	0.457600
S.sanguinisNZ_GL872311.1	1005000	1007500	0.402800
S.sanguinisNZ_GL872311.1	1007500	1010000	0.463600
S.sanguinisNZ_GL872311.1	1010000	1012500	0.444000
S.sanguinisNZ_GL872311.1	1012500	1015000	0.329600
S.sanguinisNZ_GL872311.1	1015000	1017500	0.341200
S.sanguinisNZ_GL872311.1	1017500	1020000	0.343600
S.sanguinisNZ_GL872311.1	1020000	1022500	0.365200
S.sanguinisNZ_GL872311.1	1022500	1025000	0.440400
S.sanguinisNZ_GL872311.1	1025000	1027500	0.448800
S.sanguinisNZ_GL872311.1	1027500	1030000	0.463200
S.sanguinisNZ_GL872311.1	1030000	1032500	0.480400
S.sanguinisNZ_GL872311.1	1032500	1035000	0.470400
S.sanguinisNZ_GL872311.1	1035000	1037500	0.414400
S.sanguinisNZ_GL872311.1	1037500	1040000	0.464400
S.sanguinisNZ_GL872311.1	1040000	1042500	0.448000
S.sanguinisNZ_GL872311.1	1042500	1045000	0.432800
S.sanguinisNZ_GL872311.1	1045000	1047500	0.421200
S.sanguinisNZ_GL872311.1	1047500	1050000	0.438400
S.sanguinisNZ_GL872311.1	1050000	1052500	0.384400
S.sanguinisNZ_GL872311.1	1052500	1055000	0.446400
S.sanguinisNZ_GL872311.1	1055000	1057500	0.386400
S.sanguinisNZ_GL872311.1	1057500	1060000	0.380800
S.sanguinisNZ_GL872311.1	1060000	1062500	0.410400
S.sanguinisNZ_GL872311.1	1062500	1065000	0.414000
S.sanguinisNZ_GL872311.1	1065000	1067500	0.470000
S.sanguinisNZ_GL872311.1	1067500	1070000	0.453200
S.sanguinisNZ_GL872311.1	1070000	1072500	0.427200
S.sanguinisNZ_GL872311.1	1072500	1075000	0.446800
S.sanguinisNZ_GL872311.1	1075000	1077500	0.434400
S.sanguinisNZ_GL872311.1	1077500	1080000	0.424400
S.sanguinisNZ_GL872311.1	1080000	1082500	0.484800
S.sanguinisNZ_GL872311.1	1082500	1085000	0.435600
S.sanguinisNZ_GL872311.1	1085000	1087500	0.429200
S.sanguinisNZ_GL872311.1	1087500	1090000	0.388000
S.sanguinisNZ_GL872311.1	1090000	1092500	0.427200
S.sanguinisNZ_GL872311.1	1092500	1095000	0.401600
S.sanguinisNZ_GL872311.1	1095000	1097500	0.421600
S.sanguinisNZ_GL872311.1	1097500	1100000	0.420400
S.sanguinisNZ_GL872311.1	1100000	1102500	0.480000
S.sanguinisNZ_GL872311.1	1102500	1105000	0.434400
S.sanguinisNZ_GL872311.1	1105000	1107500	0.448000
S.sanguinisNZ_GL872311.1	1107500	1110000	0.450000
S.sanguinisNZ_GL872311.1	1110000	1112500	0.468000
S.sanguinisNZ_GL872311.1	1112500	1115000	0.408000
S.sanguinisNZ_GL872311.1	1115000	1117500	0.446400
S.sanguinisNZ_GL872311.1	1117500	1120000	0.427600
S.sanguinisNZ_GL872311.1	1120000	1122500	0.460800
S.sanguinisNZ_GL872311.1	1122500	1125000	0.466800
S.sanguinisNZ_GL872311.1	1125000	1127500	0.408800
S.sanguinisNZ_GL872311.1	1127500	1130000	0.453600
S.sanguinisNZ_GL872311.1	1130000	1132500	0.398800
S.sanguinisNZ_GL872311.1	1132500	1135000	0.472000
S.sanguinisNZ_GL872311.1	1135000	1137500	0.466400
S.sanguinisNZ_GL872311.1	1137500	1140000	0.468800
S.sanguinisNZ_GL872311.1	1140000	1142500	0.427200
S.sanguinisNZ_GL872311.1	1142500	1145000	0.470800
S.sanguinisNZ_GL872311.1	1145000	1147500	0.415200
S.sanguinisNZ_GL872311.1	1147500	1150000	0.428400
S.sanguinisNZ_GL872311.1	1150000	1152500	0.434400
S.sanguinisNZ_GL872311.1	1152500	1155000	0.421200
S.sanguinisNZ_GL872311.1	1155000	1157500	0.443200
S.sanguinisNZ_GL872311.1	1157500	1160000	0.450800
S.sanguinisNZ_GL872311.1	1160000	1162500	0.419200
S.sanguinisNZ_GL872311.1	1162500	1165000	0.412000
S.sanguinisNZ_GL872311.1	1165000	1167500	0.421200
S.sanguinisNZ_GL872311.1	1167500	1170000	0.483200
S.sanguinisNZ_GL872311.1	1170000	1172500	0.474800
S.sanguinisNZ_GL872311.1	1172500	1175000	0.447600
S.sanguinisNZ_GL872311.1	1175000	1177500	0.450400
S.sanguinisNZ_GL872311.1	1177500	1180000	0.433200
S.sanguinisNZ_GL872311.1	1180000	1182500	0.469200
S.sanguinisNZ_GL872311.1	1182500	1185000	0.401600
S.sanguinisNZ_GL872311.1	1185000	1187500	0.428400
S.sanguinisNZ_GL872311.1	1187500	1190000	0.438800
S.sanguinisNZ_GL872311.1	1190000	1192500	0.385600
S.sanguinisNZ_GL872311.1	1192500	1195000	0.420000
S.sanguinisNZ_GL872311.1	1195000	1197500	0.439600
S.sanguinisNZ_GL872311.1	1197500	1200000	0.473600
S.sanguinisNZ_GL872311.1	1200000	1202500	0.410800
S.sanguinisNZ_GL872311.1	1202500	1205000	0.486400
S.sanguinisNZ_GL872311.1	1205000	1207500	0.429200
S.sanguinisNZ_GL872311.1	1207500	1210000	0.419600
S.sanguinisNZ_GL872311.1	1210000	1212500	0.418000
S.sanguinisNZ_GL872311.1	1212500	1215000	0.468800
S.sanguinisNZ_GL872311.1	1215000	1217500	0.449200
S.sanguinisNZ_GL872311.1	1217500	1220000	0.348800
S.sanguinisNZ_GL872311.1	1220000	1222500	0.428400
S.sanguinisNZ_GL872311.1	1222500	1225000	0.453600
S.sanguinisNZ_GL872311.1	1225000	1227500	0.474800
S.sanguinisNZ_GL872311.1	1227500	1230000	0.392800
S.sanguinisNZ_GL872311.1	1230000	1232500	0.451600
S.sanguinisNZ_GL872311.1	1232500	1235000	0.455600
S.sanguinisNZ_GL872311.1	1235000	1237500	0.458800
S.sanguinisNZ_GL872311.1	1237500	1240000	0.430400
S.sanguinisNZ_GL872311.1	1240000	1242500	0.448000
S.sanguinisNZ_GL872311.1	1242500	1245000	0.426000
S.sanguinisNZ_GL872311.1	1245000	1247500	0.450800
S.sanguinisNZ_GL872311.1	1247500	1250000	0.488800
S.sanguinisNZ_GL872311.1	1250000	1252500	0.460400
S.sanguinisNZ_GL872311.1	1252500	1255000	0.452800
S.sanguinisNZ_GL872311.1	1255000	1257500	0.439600
S.sanguinisNZ_GL872311.1	1257500	1260000	0.425200
S.sanguinisNZ_GL872311.1	1260000	1262500	0.442800
S.sanguinisNZ_GL872311.1	1262500	1265000	0.437600
S.sanguinisNZ_GL872311.1	1265000	1267500	0.438400
S.sanguinisNZ_GL872311.1	1267500	1270000	0.445200
S.sanguinisNZ_GL872311.1	1270000	1272500	0.428000
S.sanguinisNZ_GL872311.1	1272500	1275000	0.482400
S.sanguinisNZ_GL872311.1	1275000	1277500	0.403600
S.sanguinisNZ_GL872311.1	1277500	1280000	0.330000
S.sanguinisNZ_GL872311.1	1280000	1282500	0.460800
S.sanguinisNZ_GL872311.1	1282500	1285000	0.473600
S.sanguinisNZ_GL872311.1	1285000	1287500	0.442000
S.sanguinisNZ_GL872311.1	1287500	1290000	0.507200
S.sanguinisNZ_GL872311.1	1290000	1292500	0.490000
S.sanguinisNZ_GL872311.1	1292500	1295000	0.495200
S.sanguinisNZ_GL872311.1	1295000	1297500	0.514800
S.sanguinisNZ_GL872311.1	1297500	1300000	0.519200
S.sanguinisNZ_GL872311.1	1300000	1302500	0.487600
S.sanguinisNZ_GL872311.1	1302500	1305000	0.490000
S.sanguinisNZ_GL872311.1	1305000	1307500	0.464000
S.sanguinisNZ_GL872311.1	1307500	1310000	0.495600
S.sanguinisNZ_GL872311.1	1310000	1312500	0.480800
S.sanguinisNZ_GL872311.1	1312500	1315000	0.499600
S.sanguinisNZ_GL872311.1	1315000	1317500	0.461600
S.sanguinisNZ_GL872311.1	1317500	1320000	0.465200
S.sanguinisNZ_GL872311.1	1320000	1322500	0.486000
S.sanguinisNZ_GL872311.1	1322500	1325000	0.439200
S.sanguinisNZ_GL872311.1	1325000	1327500	0.425600
S.sanguinisNZ_GL872311.1	1327500	1330000	0.457600
S.sanguinisNZ_GL872311.1	1330000	1332500	0.457600
S.sanguinisNZ_GL872311.1	1332500	1335000	0.464400
S.sanguinisNZ_GL872311.1	1335000	1337500	0.424400
S.sanguinisNZ_GL872311.1	1337500	1340000	0.453600
S.sanguinisNZ_GL872311.1	1340000	1342500	0.438000
S.sanguinisNZ_GL872311.1	1342500	1345000	0.462000
S.sanguinisNZ_GL872311.1	1345000	1347500	0.462000
S.sanguinisNZ_GL872311.1	1347500	1350000	0.441600
S.sanguinisNZ_GL872311.1	1350000	1352500	0.434000
S.sanguinisNZ_GL872311.1	1352500	1355000	0.406000
S.sanguinisNZ_GL872311.1	1355000	1356962	0.409786
S.sanguinisNZ_GL872312.1	0	2500	0.418400
S.sanguinisNZ_GL872312.1	2500	5000	0.408400
S.sanguinisNZ_GL872312.1	5000	7500	0.404800
S.sanguinisNZ_GL872312.1	7500	10000	0.420400
S.sanguinisNZ_GL872312.1	10000	12500	0.411200
S.sanguinisNZ_GL872312.1	12500	15000	0.466400
S.sanguinisNZ_GL872312.1	15000	17500	0.463600
S.sanguinisNZ_GL872312.1	17500	20000	0.440000
S.sanguinisNZ_GL872312.1	20000	22500	0.458000
S.sanguinisNZ_GL872312.1	22500	25000	0.442400
S.sanguinisNZ_GL872312.1	25000	27500	0.419200
S.sanguinisNZ_GL872312.1	27500	30000	0.442800
S.sanguinisNZ_GL872312.1	30000	32500	0.450000
S.sanguinisNZ_GL872312.1	32500	35000	0.427200
S.sanguinisNZ_GL872312.1	35000	37500	0.423600
S.sanguinisNZ_GL872312.1	37500	40000	0.384000
S.sanguinisNZ_GL872312.1	40000	42500	0.399200
S.sanguinisNZ_GL872312.1	42500	45000	0.410400
S.sanguinisNZ_GL872312.1	45000	47500	0.374000
S.sanguinisNZ_GL872312.1	47500	50000	0.447200
S.sanguinisNZ_GL872312.1	50000	52500	0.426800
S.sanguinisNZ_GL872312.1	52500	55000	0.414000
S.sanguinisNZ_GL872312.1	55000	57500	0.444400
S.sanguinisNZ_GL872312.1	57500	60000	0.446000
S.sanguinisNZ_GL872312.1	60000	62500	0.461600
S.sanguinisNZ_GL872312.1	62500	65000	0.463200
S.sanguinisNZ_GL872312.1	65000	67500	0.422800
S.sanguinisNZ_GL872312.1	67500	70000	0.437200
S.sanguinisNZ_GL872312.1	70000	72500	0.426800
S.sanguinisNZ_GL872312.1	72500	75000	0.428400
S.sanguinisNZ_GL872312.1	75000	77500	0.453200
S.sanguinisNZ_GL872312.1	77500	80000	0.475600
S.sanguinisNZ_GL872312.1	80000	82500	0.479600
S.sanguinisNZ_GL872312.1	82500	85000	0.431600
S.sanguinisNZ_GL872312.1	85000	87500	0.467600
S.sanguinisNZ_GL872312.1	87500	90000	0.438400
S.sanguinisNZ_GL872312.1	90000	92500	0.370000
S.sanguinisNZ_GL872312.1	92500	95000	0.361600
S.sanguinisNZ_GL872312.1	95000	97500	0.336400
S.sanguinisNZ_GL872312.1	97500	100000	0.352800
S.sanguinisNZ_GL872312.1	100000	102500	0.373200
S.sanguinisNZ_GL872312.1	102500	105000	0.417600
S.sanguinisNZ_GL872312.1	105000	107500	0.487200
S.sanguinisNZ_GL872312.1	107500	110000	0.415200
S.sanguinisNZ_GL872312.1	110000	112500	0.475200
S.sanguinisNZ_GL872312.1	112500	115000	0.492000
S.sanguinisNZ_GL872312.1	115000	117500	0.411600
S.sanguinisNZ_GL872312.1	117500	120000	0.446000
S.sanguinisNZ_GL872312.1	120000	122500	0.413200
S.sanguinisNZ_GL872312.1	122500	125000	0.463600
S.sanguinisNZ_GL872312.1	125000	127500	0.464400
S.sanguinisNZ_GL872312.1	127500	130000	0.350400
S.sanguinisNZ_GL872312.1	130000	132500	0.336400
S.sanguinisNZ_GL872312.1	132500	135000	0.411200
S.sanguinisNZ_GL872312.1	135000	137500	0.504800
S.sanguinisNZ_GL872312.1	137500	140000	0.426800
S.sanguinisNZ_GL872312.1	140000	142500	0.480800
S.sanguinisNZ_GL872312.1	142500	145000	0.457200
S.sanguinisNZ_GL872312.1	145000	147500	0.453200
S.sanguinisNZ_GL872312.1	147500	150000	0.435600
S.sanguinisNZ_GL872312.1	150000	152500	0.475200
S.sanguinisNZ_GL872312.1	152500	155000	0.455600
S.sanguinisNZ_GL872312.1	155000	157500	0.418000
S.sanguinisNZ_GL872312.1	157500	160000	0.479200
S.sanguinisNZ_GL872312.1	160000	162500	0.429200
S.sanguinisNZ_GL872312.1	162500	165000	0.425600
S.sanguinisNZ_GL872312.1	165000	167500	0.472400
S.sanguinisNZ_GL872312.1	167500	170000	0.457600
S.sanguinisNZ_GL872312.1	170000	172500	0.469200
S.sanguinisNZ_GL872312.1	172500	175000	0.405200
S.sanguinisNZ_GL872312.1	175000	177500	0.434800
S.sanguinisNZ_GL872312.1	177500	180000	0.426400
S.sanguinisNZ_GL872312.1	180000	182500	0.456400
S.sanguinisNZ_GL872312.1	182500	185000	0.426000
S.sanguinisNZ_GL872312.1	185000	187500	0.447600
S.sanguinisNZ_GL872312.1	187500	190000	0.428000
S.sanguinisNZ_GL872312.1	190000	192500	0.447200
S.sanguinisNZ_GL872312.1	192500	195000	0.387200
S.sanguinisNZ_GL872312.1	195000	197500	0.436400
S.sanguinisNZ_GL872312.1	197500	200000	0.381200
S.sanguinisNZ_GL872312.1	200000	202500	0.440000
S.sanguinisNZ_GL872312.1	202500	205000	0.479600
S.sanguinisNZ_GL872312.1	205000	207500	0.435600
S.sanguinisNZ_GL872312.1	207500	210000	0.468800
S.sanguinisNZ_GL872312.1	210000	212500	0.340000
S.sanguinisNZ_GL872312.1	212500	215000	0.337200
S.sanguinisNZ_GL872312.1	215000	217500	0.460400
S.sanguinisNZ_GL872312.1	217500	220000	0.463200
S.sanguinisNZ_GL872312.1	220000	222500	0.426000
S.sanguinisNZ_GL872312.1	222500	225000	0.447200
S.sanguinisNZ_GL872312.1	225000	227500	0.457600
S.sanguinisNZ_GL872312.1	227500	230000	0.467600
S.sanguinisNZ_GL872312.1	230000	232500	0.429200
S.sanguinisNZ_GL872312.1	232500	235000	0.462800
S.sanguinisNZ_GL872312.1	235000	237500	0.422400
S.sanguinisNZ_GL872312.1	237500	240000	0.379600
S.sanguinisNZ_GL872312.1	240000	242500	0.376400
S.sanguinisNZ_GL872312.1	242500	245000	0.377200
S.sanguinisNZ_GL872312.1	245000	247500	0.445200
S.sanguinisNZ_GL872312.1	247500	250000	0.453200
S.sanguinisNZ_GL872312.1	250000	252500	0.436400
S.sanguinisNZ_GL872312.1	252500	255000	0.464800
S.sanguinisNZ_GL872312.1	255000	257500	0.447600
S.sanguinisNZ_GL872312.1	257500	260000	0.431200
S.sanguinisNZ_GL872312.1	260000	262500	0.496800
S.sanguinisNZ_GL872312.1	262500	265000	0.417600
S.sanguinisNZ_GL872312.1	265000	267500	0.411600
S.sanguinisNZ_GL872312.1	267500	270000	0.436400
S.sanguinisNZ_GL872312.1	270000	272500	0.446800
S.sanguinisNZ_GL872312.1	272500	275000	0.396400
S.sanguinisNZ_GL872312.1	275000	277500	0.410400
S.sanguinisNZ_GL872312.1	277500	280000	0.397200
S.sanguinisNZ_GL872312.1	280000	282500	0.417200
S.sanguinisNZ_GL872312.1	282500	285000	0.420400
S.sanguinisNZ_GL872312.1	285000	287500	0.443200
S.sanguinisNZ_GL872312.1	287500	290000	0.440800
S.sanguinisNZ_GL872312.1	290000	292500	0.479600
S.sanguinisNZ_GL872312.1	292500	295000	0.440800
S.sanguinisNZ_GL872312.1	295000	297500	0.443600
S.sanguinisNZ_GL872312.1	297500	300000	0.452400
S.sanguinisNZ_GL872312.1	300000	302500	0.421200
S.sanguinisNZ_GL872312.1	302500	305000	0.437200
S.sanguinisNZ_GL872312.1	305000	307500	0.381600
S.sanguinisNZ_GL872312.1	307500	310000	0.443600
S.sanguinisNZ_GL872312.1	310000	312500	0.469200
S.sanguinisNZ_GL872312.1	312500	315000	0.496800
S.sanguinisNZ_GL872312.1	315000	317500	0.442400
S.sanguinisNZ_GL872312.1	317500	320000	0.420400
S.sanguinisNZ_GL872312.1	320000	322500	0.434400
S.sanguinisNZ_GL872312.1	322500	325000	0.464800
S.sanguinisNZ_GL872312.1	325000	327500	0.468800
S.sanguinisNZ_GL872312.1	327500	330000	0.482800
S.sanguinisNZ_GL872312.1	330000	332500	0.520800
S.sanguinisNZ_GL872312.1	332500	335000	0.481600
S.sanguinisNZ_GL872312.1	335000	337500	0.482800
S.sanguinisNZ_GL872312.1	337500	340000	0.457600
S.sanguinisNZ_GL872312.1	340000	342500	0.425200
S.sanguinisNZ_GL872312.1	342500	345000	0.410400
S.sanguinisNZ_GL872312.1	345000	347500	0.434400
S.sanguinisNZ_GL872312.1	347500	350000	0.442000
S.sanguinisNZ_GL872312.1	350000	352500	0.450800
S.sanguinisNZ_GL872312.1	352500	355000	0.457600
S.sanguinisNZ_GL872312.1	355000	357500	0.480400
S.sanguinisNZ_GL872312.1	357500	360000	0.442800
S.sanguinisNZ_GL872312.1	360000	362500	0.444800
S.sanguinisNZ_GL872312.1	362500	365000	0.469200
S.sanguinisNZ_GL872312.1	365000	367500	0.468000
S.sanguinisNZ_GL872312.1	367500	370000	0.265200
S.sanguinisNZ_GL872312.1	370000	372500	0.499600
S.sanguinisNZ_GL872312.1	372500	375000	0.418400
S.sanguinisNZ_GL872312.1	375000	377500	0.488400
S.sanguinisNZ_GL872312.1	377500	380000	0.482800
S.sanguinisNZ_GL872312.1	380000	382500	0.372000
S.sanguinisNZ_GL872312.1	382500	385000	0.502000
S.sanguinisNZ_GL872312.1	385000	387500	0.434800
S.sanguinisNZ_GL872312.1	387500	390000	0.458400
S.sanguinisNZ_GL872312.1	390000	392500	0.407600
S.sanguinisNZ_GL872312.1	392500	395000	0.381600
S.sanguinisNZ_GL872312.1	395000	396295	0.464093
S.sanguinisNZ_GL872313.1	0	2500	0.509600
S.sanguinisNZ_GL872313.1	2500	4831	0.501502
S.sanguinisNZ_GL872314.1	0	2500	0.389600
S.sanguinisNZ_GL872314.1	2500	5000	0.426000
S.sanguinisNZ_GL872314.1	5000	7500	0.440800
S.sanguinisNZ_GL872314.1	7500	10000	0.427200
S.sanguinisNZ_GL872314.1	10000	12500	0.450800
S.sanguinisNZ_GL872314.1	12500	15000	0.470000
S.sanguinisNZ_GL872314.1	15000	17500	0.450400
S.sanguinisNZ_GL872314.1	17500	20000	0.426800
S.sanguinisNZ_GL872314.1	20000	22500	0.462000
S.sanguinisNZ_GL872314.1	22500	25000	0.400400
S.sanguinisNZ_GL872314.1	25000	27500	0.451600
S.sanguinisNZ_GL872314.1	27500	30000	0.451200
S.sanguinisNZ_GL872314.1	30000	32500	0.450400
S.sanguinisNZ_GL872314.1	32500	35000	0.444400
S.sanguinisNZ_GL872314.1	35000	37500	0.460400
S.sanguinisNZ_GL872314.1	37500	40000	0.467600
S.sanguinisNZ_GL872314.1	40000	42500	0.428000
S.sanguinisNZ_GL872314.1	42500	45000	0.489200
S.sanguinisNZ_GL872314.1	45000	47500	0.330400
S.sanguinisNZ_GL872314.1	47500	50000	0.467600
S.sanguinisNZ_GL872314.1	50000	52500	0.458800
S.sanguinisNZ_GL872314.1	52500	55000	0.419600
S.sanguinisNZ_GL872314.1	55000	57500	0.348800
S.sanguinisNZ_GL872314.1	57500	60000	0.298400
S.sanguinisNZ_GL872314.1	60000	62500	0.305600
S.sanguinisNZ_GL872314.1	62500	65000	0.462400
S.sanguinisNZ_GL872314.1	65000	67500	0.477600
S.sanguinisNZ_GL872314.1	67500	70000	0.448000
S.sanguinisNZ_GL872314.1	70000	72500	0.476000
S.sanguinisNZ_GL872314.1	72500	75000	0.452400
S.sanguinisNZ_GL872314.1	75000	77500	0.455600
S.sanguinisNZ_GL872314.1	77500	80000	0.356400
S.sanguinisNZ_GL872314.1	80000	82500	0.391600
S.sanguinisNZ_GL872314.1	82500	85000	0.421600
S.sanguinisNZ_GL872314.1	85000	87500	0.414000
S.sanguinisNZ_GL872314.1	87500	90000	0.416800
S.sanguinisNZ_GL872314.1	90000	92500	0.458000
S.sanguinisNZ_GL872314.1	92500	95000	0.402800
S.sanguinisNZ_GL872314.1	95000	97500	0.410000
S.sanguinisNZ_GL872314.1	97500	100000	0.446800
S.sanguinisNZ_GL872314.1	100000	102500	0.492000
S.sanguinisNZ_GL872314.1	102500	105000	0.461600
S.sanguinisNZ_GL872314.1	105000	107500	0.393200
S.sanguinisNZ_GL872314.1	107500	110000	0.435600
S.sanguinisNZ_GL872314.1	110000	112500	0.464400
S.sanguinisNZ_GL872314.1	112500	115000	0.471200
S.sanguinisNZ_GL872314.1	115000	117500	0.469200
S.sanguinisNZ_GL872314.1	117500	120000	0.461200
S.sanguinisNZ_GL872314.1	120000	122500	0.475600
S.sanguinisNZ_GL872314.1	122500	125000	0.469600
S.sanguinisNZ_GL872314.1	125000	127500	0.334800
S.sanguinisNZ_GL872314.1	127500	130000	0.462400
S.sanguinisNZ_GL872314.1	130000	132500	0.486800
S.sanguinisNZ_GL872314.1	132500	135000	0.490000
S.sanguinisNZ_GL872314.1	135000	137500	0.457200
S.sanguinisNZ_GL872314.1	137500	140000	0.408800
S.sanguinisNZ_GL872314.1	140000	142500	0.455200
S.sanguinisNZ_GL872314.1	142500	145000	0.462400
S.sanguinisNZ_GL872314.1	145000	147500	0.434400
S.sanguinisNZ_GL872314.1	147500	150000	0.421600
S.sanguinisNZ_GL872314.1	150000	152500	0.464800
S.sanguinisNZ_GL872314.1	152500	155000	0.464800
S.sanguinisNZ_GL872314.1	155000	157500	0.447200
S.sanguinisNZ_GL872314.1	157500	160000	0.437200
S.sanguinisNZ_GL872314.1	160000	162500	0.448400
S.sanguinisNZ_GL872314.1	162500	165000	0.442000
S.sanguinisNZ_GL872314.1	165000	167500	0.502800
S.sanguinisNZ_GL872314.1	167500	170000	0.452800
S.sanguinisNZ_GL872314.1	170000	172500	0.402400
S.sanguinisNZ_GL872314.1	172500	175000	0.444800
S.sanguinisNZ_GL872314.1	175000	177500	0.464400
S.sanguinisNZ_GL872314.1	177500	180000	0.421200
S.sanguinisNZ_GL872314.1	180000	182500	0.441600
S.sanguinisNZ_GL872314.1	182500	185000	0.411600
S.sanguinisNZ_GL872314.1	185000	187500	0.398800
S.sanguinisNZ_GL872314.1	187500	190000	0.451200
S.sanguinisNZ_GL872314.1	190000	192500	0.490400
S.sanguinisNZ_GL872314.1	192500	195000	0.449200
S.sanguinisNZ_GL872314.1	195000	197500	0.484000
S.sanguinisNZ_GL872314.1	197500	200000	0.430000
S.sanguinisNZ_GL872314.1	200000	202500	0.468400
S.sanguinisNZ_GL872314.1	202500	205000	0.426800
S.sanguinisNZ_GL872314.1	205000	207500	0.450400
S.sanguinisNZ_GL872314.1	207500	210000	0.427200
S.sanguinisNZ_GL872314.1	210000	212500	0.448000
S.sanguinisNZ_GL872314.1	212500	215000	0.476000
S.sanguinisNZ_GL872314.1	215000	217500	0.481200
S.sanguinisNZ_GL872314.1	217500	220000	0.470400
S.sanguinisNZ_GL872314.1	220000	222500	0.430400
S.sanguinisNZ_GL872314.1	222500	225000	0.451200
S.sanguinisNZ_GL872314.1	225000	227500	0.425200
S.sanguinisNZ_GL872314.1	227500	230000	0.450800
S.sanguinisNZ_GL872314.1	230000	232500	0.427600
S.sanguinisNZ_GL872314.1	232500	235000	0.501600
S.sanguinisNZ_GL872314.1	235000	237500	0.451600
S.sanguinisNZ_GL872314.1	237500	240000	0.410400
S.sanguinisNZ_GL872314.1	240000	242500	0.437200
S.sanguinisNZ_GL872314.1	242500	245000	0.434400
S.sanguinisNZ_GL872314.1	245000	247500	0.416400
S.sanguinisNZ_GL872314.1	247500	250000	0.406800
S.sanguinisNZ_GL872314.1	250000	252500	0.380400
S.sanguinisNZ_GL872314.1	252500	255000	0.421200
S.sanguinisNZ_GL872314.1	255000	257500	0.457600
S.sanguinisNZ_GL872314.1	257500	260000	0.429200
S.sanguinisNZ_GL872314.1	260000	262500	0.450800
S.sanguinisNZ_GL872314.1	262500	265000	0.423600
S.sanguinisNZ_GL872314.1	265000	267500	0.398000
S.sanguinisNZ_GL872314.1	267500	270000	0.408400
S.sanguinisNZ_GL872314.1	270000	272500	0.482000
S.sanguinisNZ_GL872314.1	272500	275000	0.490800
S.sanguinisNZ_GL872314.1	275000	277500	0.446000
S.sanguinisNZ_GL872314.1	277500	280000	0.460800
S.sanguinisNZ_GL872314.1	280000	282500	0.460400
S.sanguinisNZ_GL872314.1	282500	285000	0.443600
S.sanguinisNZ_GL872314.1	285000	287500	0.441600
S.sanguinisNZ_GL872314.1	287500	290000	0.418000
S.sanguinisNZ_GL872314.1	290000	292500	0.401200
S.sanguinisNZ_GL872314.1	292500	295000	0.454800
S.sanguinisNZ_GL872314.1	295000	297500	0.434400
S.sanguinisNZ_GL872314.1	297500	300000	0.376000
S.sanguinisNZ_GL872314.1	300000	302500	0.430800
S.sanguinisNZ_GL872314.1	302500	305000	0.496400
S.sanguinisNZ_GL872314.1	305000	307500	0.469200
S.sanguinisNZ_GL872314.1	307500	310000	0.392000
S.sanguinisNZ_GL872314.1	310000	312500	0.352400
S.sanguinisNZ_GL872314.1	312500	315000	0.333600
S.sanguinisNZ_GL872314.1	315000	317500	0.403200
S.sanguinisNZ_GL872314.1	317500	320000	0.434000
S.sanguinisNZ_GL872314.1	320000	322500	0.459200
S.sanguinisNZ_GL872314.1	322500	325000	0.455600
S.sanguinisNZ_GL872314.1	325000	327500	0.448000
S.sanguinisNZ_GL872314.1	327500	330000	0.449200
S.sanguinisNZ_GL872314.1	330000	332500	0.464400
S.sanguinisNZ_GL872314.1	332500	335000	0.419600
S.sanguinisNZ_GL872314.1	335000	337500	0.454800
S.sanguinisNZ_GL872314.1	337500	340000	0.482800
S.sanguinisNZ_GL872314.1	340000	342500	0.443200
S.sanguinisNZ_GL872314.1	342500	345000	0.423600
S.sanguinisNZ_GL872314.1	345000	347500	0.450000
S.sanguinisNZ_GL872314.1	347500	350000	0.425200
S.sanguinisNZ_GL872314.1	350000	352500	0.425200
S.sanguinisNZ_GL872314.1	352500	355000	0.386000
S.sanguinisNZ_GL872314.1	355000	357500	0.476800
S.sanguinisNZ_GL872314.1	357500	360000	0.475200
S.sanguinisNZ_GL872314.1	360000	362500	0.436800
S.sanguinisNZ_GL872314.1	362500	365000	0.459600
S.sanguinisNZ_GL872314.1	365000	367500	0.436800
S.sanguinisNZ_GL872314.1	367500	370000	0.451600
S.sanguinisNZ_GL872314.1	370000	372500	0.385600
S.sanguinisNZ_GL872314.1	372500	375000	0.445600
S.sanguinisNZ_GL872314.1	375000	377500	0.455200
S.sanguinisNZ_GL872314.1	377500	380000	0.448000
S.sanguinisNZ_GL872314.1	380000	381506	0.452855
S.sanguinisNZ_GL872315.1	0	751	0.475366
S.sanguinisNZ_GL872316.1	0	712	0.557584
S.sanguinisNZ_GL872317.1	0	656	0.512195
S.sanguinisNZ_GL872318.1	0	500	0.550000
