Sample 	 Analysis-ready reads 	 Total mapped reads 	 Total Q30 mapped reads 	  Total after removing PCR duplicates 	 Total unique reads  	 S.mitis 	 S.oralis 	 S.parasanguinis 	 S.infantis 	 S.australis 	 S.perorsis 	 S.massiliensis 	 S.sanguinis 	 S.gordonii 	 S.cristatus 	 S.mutans 	 S.sobrinus 	 S.troglodytae 	 S.downei 	 S.criceti 	 S.intermedius 	 S.constellatus 	 S.anginosus 	 S.salivarius 	 S.vestibularis 	 S.acidominimus 	 S.spDD04 	 S.pluranimalium 	 S.pseudopneumoniae 
16811_Medieval_SpitalSquare_NRF88 	2428178	40867	30271	29626	29626	79	658	43	59	22	11	108	1685	1249	697	2	4	1	15	4	152	149	54	5	36	3	24500	13	77
16812_Medieval_SpitalSquare_NRF88 	2224336	80532	47113	45725	45725	208	3643	65	179	109	53	129	29652	5289	1209	4	3	1	13	4	209	93	17	8	11	3	4615	26	182
16813_Medieval_SpitalSquare_NRF88 	7053514	194383	131227	128169	128169	457	6118	110	277	102	93	544	50946	12586	3084	7	16	5	14	8	416	974	87	10	226	13	51591	115	370
16814_Medieval_SpitalSquare_NRF88 	1924437	60484	48196	47002	47002	79	633	71	41	20	21	265	1326	654	792	3880	2	79	5	7	582	1924	10864	7	113	6	25557	0	74
16815_Medieval_SpitalSquare_NRF88 	1712121	3420	2157	2114	2114	3	10	2	1	1	1	124	635	41	33	0	0	1	3	4	21	559	10	2	1	4	657	1	0
16816_Medieval_SpitalSquare_NRF88 	1876743	19425	15123	14830	14830	11	83	18	30	4	6	116	299	81	340	0	2	0	2	6	15	492	47	3	22	0	13246	2	5
16817_Medieval_SpitalSquare_NRF88 	0	0	0	0	0	0	0	0	0	0	0	0	0	0	0	0	0	0	0	0	0	0	0	0	0	0	0	0	0
16818_Medieval_SpitalSquare_NRF88 	3611268	231121	174678	162794	162794	381	2218	81	690	138	212	916	2921	913	6140	5	20	5	15	10	417	2346	454	6	1405	11	143296	7	187
16819_Medieval_SpitalSquare_NRF88 	1370913	193	52	51	51	0	9	1	0	1	0	1	1	3	2	1	0	0	0	0	0	6	9	0	0	0	16	0	1
16820_Medieval_SpitalSquare_NRF88 	2005698	11536	8104	7946	7946	52	523	15	34	8	12	154	159	124	328	2	1	1	5	2	72	995	65	3	16	0	5335	2	38
16821_Medieval_SpitalSquare_NRF88 	2832931	122931	79626	78176	78176	1076	22474	112	491	80	179	206	21062	6804	1435	27	12	3	11	10	386	1084	2579	19	71	9	19298	42	706
16822_Medieval_SpitalSquare_NRF88 	0	0	0	0	0	0	0	0	0	0	0	0	0	0	0	0	0	0	0	0	0	0	0	0	0	0	0	0	0
16823_Medieval_SpitalSquare_NRF88 	2326963	3732	2349	2211	2211	2	2	9	1	2	3	258	11	2	2	2	2	1	5	6	13	1775	10	3	4	4	88	5	1
16824_Medieval_SpitalSquare_NRF88 	0	0	0	0	0	0	0	0	0	0	0	0	0	0	0	0	0	0	0	0	0	0	0	0	0	0	0	0	0
16825_Medieval_SpitalSquare_NRF88 	2367970	44809	32904	31967	31967	126	1211	50	63	26	25	248	1140	263	904	3	10	3	6	15	103	1597	84	13	35	9	25915	12	106
16826_Medieval_SpitalSquare_SSQ88 	2595903	20130	14540	14189	14189	95	1035	40	43	9	15	171	173	56	256	1	1	3	7	11	35	1761	256	4	52	4	10089	9	63
16828_Medieval_SpitalSquare_SSQ88 	1828957	43568	34816	33891	33891	75	635	47	45	14	16	246	484	188	1192	2	1	0	1	1	94	1185	64	3	31	0	29495	0	72
16829_Medieval_SpitalSquare.SSQ88 	6294800	92880	70412	68279	68279	207	3142	59	104	30	30	710	2028	785	1588	8	6	2	12	7	468	4182	1462	18	128	7	53136	15	145
16830_Medieval_SpitalSquare.SSQ88 	2204211	205586	137030	131521	131521	738	12762	255	314	123	183	430	49195	7899	3845	19	8	4	15	9	559	619	584	35	110	13	53143	54	605
16832_Medieval_SpitalSquare_SSQ88 	4152919	66711	40931	40103	40103	183	2260	48	77	46	30	240	22159	2358	952	8	4	3	7	6	218	768	102	8	39	8	10391	37	151
16833_Medieval_SpitalSquare.SSQ88 	1993506	6533	4161	4098	4098	20	167	14	7	39	4	273	219	790	57	2	3	1	5	5	48	510	815	2	5	4	1091	8	9
16834_Medieval_MertonPriory_MPY86 	2678471	61820	39734	38279	38279	45	131	16	23	21	8	214	32290	1451	769	25	9	5	13	10	264	504	29	7	5	6	2394	19	21
16835_Medieval_MertonPriory_MPY86 	1823898	86758	53140	51810	51810	250	3616	58	223	84	56	354	36589	3764	1327	6	11	0	9	7	257	609	30	14	19	3	4275	68	181
16836_Medieval_MertonPriory_MPY86 	1253952	13834	8247	8106	8106	81	714	10	37	15	7	83	5793	270	184	0	4	1	4	0	31	107	8	3	3	4	672	23	52
16837_Medieval_MertonPriory_MPY86 	1292408	3641	2196	2134	2134	4	27	6	0	0	0	92	109	211	51	1	0	0	2	2	22	1063	207	11	6	2	315	1	2
16838_Medieval_MertonPriory_MPY86 	3280189	100419	62856	61552	61552	615	9309	119	648	493	129	218	35842	8177	1034	7	10	1	12	5	300	210	53	17	20	1	3687	118	527
16839_Medieval_MertonPriory_MPY86 	1510645	116670	90624	85918	85918	114	1204	94	82	24	25	217	4979	885	2400	1	1	1	0	1	87	1069	68	10	148	5	74371	21	111
16840_Medieval_MertonPriory_MPY86 	1997159	5697	4084	4016	4016	24	162	9	7	2	4	323	345	91	97	0	1	0	5	2	30	773	16	4	4	2	2094	4	17
16841_Medieval_MertonPriory_MPY86 	1025879	2422	1688	1646	1646	2	10	2	3	0	0	146	35	48	24	3	0	0	2	0	30	319	39	0	1	1	977	3	1
16842_Medieval_MertonPriory_MPY86 	3666169	169959	104045	100518	100518	785	10650	72	946	314	173	348	70561	3481	1950	9	19	1	11	3	417	310	165	23	28	7	9322	118	805
16843_Medieval_MertonPriory_MPY86 	5359636	22439	16025	15698	15698	31	190	58	29	31	10	700	256	129	338	505	28	36	38	42	59	1175	163	28	27	31	11739	21	34
16844_Medieval_MertonPriory_MPY86 	1537398	40175	25690	25125	25125	52	462	11	34	9	13	94	19710	898	508	2	4	0	1	2	255	403	31	9	8	3	2569	5	42
16845_Medieval_MertonPriory_MPY86 	2010260	8131	4883	4802	4802	34	386	10	31	8	13	199	2103	116	347	5	5	3	8	3	50	472	27	13	1	5	922	4	37
16846_Medieval_MertonPriory_MPY86 	1060987	15721	11442	11211	11211	48	346	14	16	9	5	86	1374	484	278	2	0	0	2	0	37	240	19	0	22	0	8197	2	30
16847_Medieval_MertonPriory_MPY86 	6311950	371753	220978	211922	211922	716	9396	173	1047	226	195	614	157834	9447	4328	24	61	11	45	25	790	841	146	50	44	38	24848	202	821
16848_Medieval_MertonPriory_MPY86 	1532960	17614	13844	13476	13476	14	214	25	11	1	4	35	251	46	289	0	1	2	3	1	18	151	7	1	3	2	12385	0	12
16849_Medieval_MertonPriory_MPY86 	1923369	24675	17724	17359	17359	96	961	19	51	47	12	247	3121	545	331	2	5	0	6	2	59	262	90	6	29	2	11376	11	79
16850_Medieval_MertonPriory_MPY86 	3263597	48743	36732	34952	34952	36	256	40	65	22	10	118	1699	2816	884	3	6	3	11	11	40	320	25	10	91	4	28440	12	30
16851_Medieval_MertonPriory_MPY86 	2110750	31680	23350	22771	22771	132	1288	25	39	29	13	417	913	3176	551	2	4	2	3	2	31	1852	56	5	52	3	14092	14	70
16852_Medieval_MertonPriory_MPY86 	6940896	25178	17099	16660	16660	16	98	27	9	16	3	449	5968	381	423	4	10	2	6	10	62	1210	31	6	22	6	7878	6	17
16853_Medieval_MertonPriory_MPY86 	6856354	32518	23532	23202	23202	80	760	38	41	24	23	432	844	187	516	10	19	6	15	8	64	755	137	12	40	9	19107	4	71
16854_Medieval_MertonPriory_MPY86 	2713014	8437	6533	5788	5788	2	2	17	4	12	2	191	14	7	19	2	3	2	10	4	7	5408	10	4	1	8	48	8	3
16855_Medieval_MertonPriory_MPY86 	1447665	32500	21763	21270	21270	51	571	13	32	25	10	151	12970	1280	480	1	4	1	2	4	104	254	17	15	14	4	5217	6	44
16856_Medieval_MertonPriory_MPY86 	1728108	14010	9764	9578	9578	47	935	7	17	4	6	118	1636	371	248	3	1	2	1	1	35	738	50	5	16	0	5296	10	31
16857_Medieval_MertonPriory_MPY86 	7399272	341892	219067	207138	207138	502	7893	186	1461	463	181	722	167905	7212	4092	20	23	2	19	9	1074	2766	153	27	26	12	11743	94	553
16858_Medieval_MertonPriory_MPY86 	2640267	26913	19859	18607	18607	75	871	21	89	8	12	928	1171	456	302	5	2	2	7	3	73	4316	531	3	13	5	9664	6	44
16860_Medieval_MertonPriory_MPY86 	1560845	63118	40909	40100	40100	247	3818	29	160	23	52	170	15853	1075	884	5	1	3	4	0	201	301	22	4	55	2	16998	20	173
16861_Medieval_MertonPriory_MPY86 	2219187	1600	648	625	625	1	5	8	3	1	0	148	8	5	7	1	2	1	4	4	8	345	13	0	1	7	49	2	2
16862_Medieval_MertonPriory_MPY86 	2153335	50492	36685	35777	35777	221	2183	16	102	33	30	156	4073	932	925	3	3	2	7	5	88	248	24	10	79	3	26483	15	136
16863_Medieval_MertonPriory_MPY86 	1152028	12106	7722	7550	7550	35	618	15	12	12	7	83	3842	886	119	1	5	1	2	3	48	851	162	8	9	4	809	3	15
16864_Medieval_MertonPriory_MPY86 	1783277	14845	8906	8749	8749	57	406	13	20	13	9	139	4766	402	298	3	5	1	2	6	62	348	273	9	7	5	1863	4	38
16865_Medieval_MertonPriory_MPY86 	907400	21243	14739	14467	14467	113	1572	51	100	45	18	157	5945	4628	238	5	3	0	4	3	67	350	26	2	10	2	988	50	90
16866_Medieval_MertonPriory_MPY86 	0	0	0	0	0	0	0	0	0	0	0	0	0	0	0	0	0	0	0	0	0	0	0	0	0	0	0	0	0
16867_Medieval_MertonPriory_MPY86 	1635787	22562	16553	16060	16060	14	57	17	9	3	5	210	5442	905	323	5	1	3	4	2	63	538	479	1	24	0	7908	0	47
16869_Medieval_MertonPriory_MPY86 	1890346	56993	34942	34003	34003	604	8072	45	240	51	112	126	15528	943	647	9	11	1	8	1	1976	237	454	19	61	2	4525	2	329
16870_Medieval_MertonPriory_MPY86 	0	0	0	0	0	0	0	0	0	0	0	0	0	0	0	0	0	0	0	0	0	0	0	0	0	0	0	0	0
16871_Medieval_MertonPriory_MPY86 	1760374	10813	6592	6467	6467	76	524	10	48	4	23	93	3154	222	149	4	7	3	11	5	69	251	54	4	12	4	1666	8	66
16872_Medieval_MertonPriory_MPY86 	1551722	3705	2274	2229	2229	16	132	1	8	2	6	86	706	65	72	3	3	1	5	2	6	588	9	1	4	6	491	5	11
16873_Medieval_MertonPriory_MPY86 	2485798	76537	55226	53971	53971	261	2295	64	116	60	41	200	11055	930	1563	6	6	4	10	2	160	250	62	13	36	6	36649	9	173
16874_Medieval_MertonPriory_MPY86 	1899669	2214	1342	1311	1311	6	12	1	3	5	0	256	17	13	15	2	1	1	4	4	10	401	50	3	2	4	497	2	2
16875_Medieval_MertonPriory_MPY86 	0	0	0	0	0	0	0	0	0	0	0	0	0	0	0	0	0	0	0	0	0	0	0	0	0	0	0	0	0
16876_Medieval_MertonPriory_MPY86 	1650286	5413	3680	3573	3573	1	4	9	0	2	3	176	30	10	37	3	0	1	13	5	84	1757	150	4	6	3	1267	3	5
16877_Medieval_MertonPriory_MPY86 	1776593	21041	12002	11820	11820	183	2269	23	101	36	36	156	3973	1157	229	2	6	5	5	4	50	470	31	3	12	5	2905	15	144
16878_Medieval_MertonPriory_MPY86 	1800953	30897	22393	21905	21905	116	1197	26	71	38	20	122	3369	1034	486	2	3	1	5	1	51	934	139	2	45	7	14160	10	66
16879_Medieval_MertonPriory_MPY86 	1597550	13784	9451	9296	9296	62	629	9	56	18	12	176	1502	2783	194	4	1	1	2	4	158	1771	267	2	11	3	1581	4	46
16880_Medieval_MertonPriory_MPY86 	1447359	10863	8125	7952	7952	16	158	6	8	5	2	88	128	37	172	4	3	2	1	1	77	837	69	0	20	1	6310	1	6
16881_Medieval_MertonPriory_MPY86 	1310772	29671	22753	22275	22275	91	796	68	81	16	13	305	835	307	754	3	1	1	2	4	43	374	33	8	47	4	18439	0	50
16882_Medieval_MertonPriory_MPY86 	0	0	0	0	0	0	0	0	0	0	0	0	0	0	0	0	0	0	0	0	0	0	0	0	0	0	0	0	0
16883_Medieval_MertonPriory_MPY86 	1004782	44345	26078	25444	25444	130	1473	51	201	82	32	107	16088	4536	531	3	6	3	6	1	111	76	18	4	8	2	1817	38	120
16884_Medieval_MertonPriory_MPY86 	2605973	6143	4361	3942	3942	0	6	4	0	3	0	142	8	5	4	0	2	0	2	5	21	3457	101	2	2	2	170	1	5
16885_Medieval_MertonPriory_MPY86 	2083221	5955	3858	3687	3687	1	4	2	4	7	1	157	10	5	2	2	3	1	7	1	117	3193	107	0	5	4	45	5	4
16886_Medieval_MertonPriory_MPY86 	2110416	94438	64311	63172	63172	408	9795	126	176	58	54	232	13672	9906	1336	10	12	4	13	10	206	551	167	15	87	13	26026	24	271
16887_Medieval_MertonPriory_MPY86 	3136516	119837	82100	80250	80250	276	2586	84	144	58	49	303	16590	4155	3967	60	11	6	12	6	276	819	367	25	96	11	50095	30	224
16888_Medieval_MertonPriory_MPY86 	2221663	4929	3122	3054	3054	4	26	2	8	6	1	212	257	10	45	3	1	1	3	2	140	2115	95	4	1	1	107	3	7
16889_Medieval_MertonPriory_MPY86 	1415252	7725	5564	5461	5461	8	133	4	3	5	3	112	229	139	106	4	1	0	2	5	27	226	45	3	7	3	4383	3	10
16890_Medieval_MertonPriory_MPY86 	1028183	20338	15924	15553	15553	31	345	18	9	18	2	202	469	114	383	2	2	0	1	2	31	369	8	1	46	2	13480	2	16
16891_Medieval_MertonPriory_MPY86 	1334341	1706	1061	1010	1010	0	2	13	2	2	2	123	1	0	3	1	3	2	2	1	7	806	16	1	0	2	20	1	0
16892_PostMedieval_CrossBones_REW92 	931865	728	454	446	446	2	2	0	1	1	2	51	5	11	2	0	2	0	0	1	12	130	150	6	0	3	64	1	0
16893_PostMedieval_CrossBones_REW92 	2438053	6162	3937	3767	3767	8	12	13	2	7	4	730	38	111	31	3	7	4	3	0	31	1815	169	1	3	3	771	0	1
16894_PostMedieval_CrossBones_REW92 	1942200	4643	3356	2937	2937	2	0	4	3	1	0	283	6	1	2	5	0	1	0	2	6	2549	10	1	0	2	58	1	0
16895_PostMedieval_CrossBones_REW92 	0	0	0	0	0	0	0	0	0	0	0	0	0	0	0	0	0	0	0	0	0	0	0	0	0	0	0	0	0
16896_PostMedieval_CrossBones_REW92 	457094	646	440	423	423	0	1	1	0	0	0	40	9	3	2	0	0	1	1	0	8	299	17	0	0	1	39	1	0
16897_PostMedieval_CrossBones_REW92 	3192234	75906	53704	52780	52780	362	5420	85	312	116	63	322	11634	9409	1159	2	5	1	10	8	146	580	120	21	79	2	22626	40	258
16898_PostMedieval_CrossBones_REW92 	1044464	1888	1191	1161	1161	1	2	3	2	0	1	313	4	1	3	0	4	0	0	0	29	639	27	2	1	2	125	1	1
16899_PostMedieval_CrossBones_REW92 	2189466	44083	31065	30322	30322	207	1989	67	82	82	22	490	5279	11284	1130	3	8	1	13	5	90	1855	49	10	11	2	7542	15	86
16900_PostMedieval_CrossBones_REW92 	1353192	2360	1535	1480	1480	0	2	6	1	5	2	211	12	36	4	2	3	3	7	3	26	1038	26	1	0	6	83	2	1
16901_PostMedieval_CrossBones_REW92 	1838222	60802	42672	41079	41079	245	4879	52	260	131	41	600	8948	2029	953	1	6	1	138	3	171	1434	105	19	65	6	20803	26	163
16902_PostMedieval_StBenetSherehog_ONE94 	0	0	0	0	0	0	0	0	0	0	0	0	0	0	0	0	0	0	0	0	0	0	0	0	0	0	0	0	0
16903_PostMedieval_StBenetSherehog_ONE94 	1964323	6319	3892	3446	3446	7	5	5	8	6	2	719	8	2	4	5	6	7	7	6	11	2508	26	1	2	5	79	9	8
16904_PostMedieval_StBenetSherehog_ONE94 	0	0	0	0	0	0	0	0	0	0	0	0	0	0	0	0	0	0	0	0	0	0	0	0	0	0	0	0	0
16905_PostMedieval_StBenetSherehog_ONE94 	4263763	27912	15252	15026	15026	280	3221	50	386	355	50	205	3811	4569	313	5	4	2	7	11	113	688	88	27	39	6	546	23	227
16906_PostMedieval_StBenetSherehog_ONE94 	2492985	89988	67061	65443	65443	266	4978	160	562	54	42	300	13459	2244	1424	5	1	2	3	0	173	746	194	7	98	2	40493	15	215
16907_PostMedieval_StBenetSherehog_ONE94 	1134937	3216	2240	2160	2160	1	2	4	4	3	2	340	8	1	8	2	2	1	0	1	40	1653	38	2	0	0	25	22	1
16908_PostMedieval_StBenetSherehog_ONE94 	0	0	0	0	0	0	0	0	0	0	0	0	0	0	0	0	0	0	0	0	0	0	0	0	0	0	0	0	0
16910_PostMedieval_StBenetSherehog_ONE94 	0	0	0	0	0	0	0	0	0	0	0	0	0	0	0	0	0	0	0	0	0	0	0	0	0	0	0	0	0
16911_PostMedieval_StBenetSherehog_ONE94 	4347373	7512	3700	3624	3624	20	168	19	23	35	3	475	193	290	424	7	13	6	13	15	52	950	259	7	5	14	612	2	19
16913_Medieval_StBenetSherehog_ONE94 	1913255	36666	26699	25912	25912	82	1061	48	36	24	12	300	3371	517	945	6	1	1	8	5	67	1056	28	4	40	3	18209	12	76
16914_Medieval_StBenetSherehog_ONE94 	5892153	73945	53462	51965	51965	342	3744	83	180	51	60	445	1110	462	1687	18	17	10	19	19	121	2878	774	22	123	11	39525	21	243
16915_Medieval_StBenetSherehog_ONE94 	3478894	20831	13569	13351	13351	64	590	30	43	18	14	241	3927	1246	349	3	4	4	6	3	70	547	267	6	21	5	5841	7	45
16916_Medieval_StBenetSherehog_ONE94 	2784190	24493	18892	18573	18573	48	564	26	35	14	8	318	1176	170	480	2	2	1	4	1	63	905	46	6	71	1	14589	3	40
16917_Medieval_StBenetSherehog_ONE94 	1310698	1282	749	727	727	0	3	5	1	4	0	164	5	6	4	0	2	0	2	1	16	346	68	2	0	0	94	4	0
16918_Medieval_StBenetSherehog_ONE94 	6024257	432761	289555	275678	275678	1302	13761	286	894	427	164	753	160880	64176	7042	42	38	7	15	9	1033	1424	1408	57	121	5	20960	138	736
16919_PostMedieval_ChelseaOldChurch_OCU00 	1695527	2698	1733	1696	1696	1	16	9	2	2	3	186	42	5	27	2	0	0	2	0	25	374	214	1	4	3	769	0	9
16920_PostMedieval_ChelseaOldChurch_OCU00 	2939551	72712	44841	44132	44132	625	7363	129	461	274	129	210	16686	4085	1192	4	7	1	13	10	119	210	24	12	30	8	12091	23	426
16921_PostMedieval_ChelseaOldChurch_OCU00 	2891524	3526	2003	1958	1958	11	61	4	7	8	4	220	96	29	16	8	2	4	4	10	85	997	66	6	3	8	294	7	8
16922_PostMedieval_ChelseaOldChurch_OCU00 	1458234	5634	4218	3617	3617	3	1	1	0	4	0	99	9	0	0	1	0	0	0	2	6	3461	3	1	1	0	23	2	0
16923_PostMedieval_ChelseaOldChurch_OCU00 	2666486	2690	1449	1379	1379	0	3	0	1	3	1	735	3	4	5	3	1	0	12	6	13	472	25	3	1	3	79	4	2
16925_PostMedieval_ChelseaOldChurch_OCU00 	1761385	4994	3671	3201	3201	2	1	2	2	2	1	116	2	2	2	1	2	1	1	4	2	3016	5	1	2	0	32	1	1
16926_PostMedieval_ChelseaOldChurch_OCU00 	2692650	10972	7606	7444	7444	34	487	9	17	13	10	410	1191	211	183	3	2	2	7	3	55	732	127	7	7	1	3904	6	23
16927_PostMedieval_ChelseaOldChurch_OCU00 	2179503	6933	4842	4732	4732	15	70	31	9	4	1	274	109	38	114	3	2	1	10	2	21	1162	50	2	6	4	2793	2	9
16928_Post_Medieval_ChelseaOldChurch_OCU00 	107493	192	88	88	88	1	2	0	0	2	0	41	1	0	1	1	0	0	0	0	0	35	0	0	0	0	4	0	0
16929_PostMedieval_ChelseaOldChurch_OCU00 	1	0	0	0	0	0	0	0	0	0	0	0	0	0	0	0	0	0	0	0	0	0	0	0	0	0	0	0	0
16930_Medieval_StMaryGraces_MIN86 	3344898	7204	4470	4353	4353	2	6	10	2	2	3	461	30	3	10	12	2	4	7	11	183	3303	220	1	1	6	66	5	3
16931_Medieval_StMaryGraces_MIN86 	1527610	9027	5515	5396	5396	6	23	4	2	1	1	112	18	1	14	1	3	1	5	3	307	3922	422	4	0	2	531	4	9
16932_Medieval_StMaryGraces_MIN86 	0	0	0	0	0	0	0	0	0	0	0	0	0	0	0	0	0	0	0	0	0	0	0	0	0	0	0	0	0
16933_Medieval_StMaryGraces_MIN86 	2359474	3276	2114	2007	2007	3	0	3	2	4	1	488	9	1	0	0	2	2	2	3	4	1397	34	4	1	3	39	2	3
16935_Medieval_MertonPriory_MPY86 	4462405	24243	18054	17709	17709	62	267	14	28	16	20	288	343	89	337	11	7	5	6	10	128	2413	1185	10	45	12	12360	6	47
16936_Medieval_MertonPriory_MPY86 	2435966	72910	56266	54756	54756	253	3036	48	103	26	38	365	2075	820	1301	23	6	2	3	7	171	1594	571	9	28	3	44098	21	155
16937_Medieval_StMaryGraces_MIN86 	2961316	36162	27812	27265	27265	120	1168	33	39	11	18	185	618	235	698	4	5	5	9	1	56	945	126	8	88	1	22804	13	75
16938_Medieval_StMaryGraces_MIN86 	1611434	1851	1067	1021	1021	1	4	3	2	2	1	105	1	1	1	2	1	0	2	0	61	783	19	1	1	0	25	2	3
16939_Medieval_StMaryGraces_MIN86 	13703524	18065	12336	10830	10830	7	16	10	7	12	8	2010	59	8	14	10	10	7	12	10	226	7480	500	12	5	9	362	28	8
16940_Medieval_StMaryGraces_MIN86 	1645441	1020	459	445	445	0	3	1	0	1	0	177	6	1	2	0	1	2	1	0	2	219	6	3	0	3	14	3	0
16941_Medieval_StMaryGraces_MIN86 	1474894	4211	2945	2744	2744	1	3	17	2	2	1	816	3	3	1	1	1	1	1	5	8	1854	10	1	0	3	9	0	1
16942_Medieval_StMaryGraces_MIN86 	4083987	90953	59774	58629	58629	350	4345	142	264	86	74	448	8442	2613	2556	7	11	3	12	10	252	615	475	20	64	10	37514	33	283
16943_Medieval_StMaryGraces_MIN86 	0	0	0	0	0	0	0	0	0	0	0	0	0	0	0	0	0	0	0	0	0	0	0	0	0	0	0	0	0
16944_Medieval_StMaryGraces_MIN86 	1501866	3228	1874	1828	1828	1	3	4	3	5	2	236	12	8	26	5	6	1	2	5	33	958	25	1	4	0	483	2	3
16947_Medieval_StMaryGraces_MIN86 	0	0	0	0	0	0	0	0	0	0	0	0	0	0	0	0	0	0	0	0	0	0	0	0	0	0	0	0	0
16948_Medieval_StMaryGraces_MIN86 	1369413	1120	508	493	493	3	3	1	1	2	1	142	5	1	2	1	1	0	6	1	5	269	10	5	1	5	27	1	0
16949_Medieval_StMaryGraces_MIN86 	1103280	1645	1054	1035	1035	3	12	0	0	0	1	248	0	3	9	5	2	1	2	1	32	629	21	0	0	0	61	1	4
16950_Medieval_StMaryGraces_MIN86 	1633386	2159	1225	1145	1145	0	2	6	1	2	2	361	6	1	4	1	0	2	3	2	4	722	5	1	1	1	17	1	0
16951_Medieval_GuildhallYard_GYE92 	0	0	0	0	0	0	0	0	0	0	0	0	0	0	0	0	0	0	0	0	0	0	0	0	0	0	0	0	0
16952_Medieval_GuildhallYard_GYE92 	3127327	6799	4477	4230	4230	11	15	17	5	8	4	305	143	9	26	7	11	4	9	5	97	2636	137	7	4	7	745	10	8
16953_Medieval_GuildhallYard_GYE92 	1503549	19878	12362	12101	12101	37	302	12	38	12	13	68	9635	567	301	2	2	0	6	1	54	173	5	3	1	4	824	9	32
16954_Medieval_GuildhallYard_GYE92 	0	0	0	0	0	0	0	0	0	0	0	0	0	0	0	0	0	0	0	0	0	0	0	0	0	0	0	0	0
16955_Medieval_GuildhallYard_GYE92 	2617726	100088	77858	75069	75069	227	2354	114	201	52	50	291	5722	2289	1903	6	9	1	7	2	193	619	1133	49	188	7	59387	15	250
16956_Medieval_GuildhallYard_GYE92 	2973597	34437	23728	23350	23350	66	896	25	37	22	15	289	6296	780	476	4	12	6	6	13	120	934	88	19	16	10	13171	9	40
16957_Medieval_GuildhallYard_GYE92 	2632615	7637	5497	5354	5354	11	51	7	4	7	1	107	881	101	117	1	9	0	5	7	32	134	20	3	7	6	3824	4	15
16958_Medieval_GuildhallYard_GYE92 	0	0	0	0	0	0	0	0	0	0	0	0	0	0	0	0	0	0	0	0	0	0	0	0	0	0	0	0	0
16959_Medieval_GuildhallYard_GYE92 	1445734	23008	14694	14434	14434	28	383	11	22	7	4	75	8810	418	288	6	4	2	4	3	101	524	50	2	10	1	3645	6	30
16960_Medieval_GuildhallYard_GYE92 	0	0	0	0	0	0	0	0	0	0	0	0	0	0	0	0	0	0	0	0	0	0	0	0	0	0	0	0	0
16961_PostMedieval_StBrides_SB79 	1553577	89557	50139	48532	48532	477	6736	77	394	118	87	144	35208	1927	837	3	5	6	13	8	118	139	8	21	10	15	1751	72	358
16962_Medieval_BermondseyAbbey_BA84 	1427276	7759	5682	5593	5593	28	198	5	21	7	5	68	105	60	157	4	1	0	1	3	29	116	65	1	13	3	4680	3	20
16963_Medieval_BermondseyAbbey_BA84 	2599048	20084	13285	13039	13039	54	313	13	34	22	7	261	4715	406	314	2	12	7	2	6	70	874	83	3	24	8	5758	8	43
16964_Medieval_BermondseyAbbey_BA84 	1	0	0	0	0	0	0	0	0	0	0	0	0	0	0	0	0	0	0	0	0	0	0	0	0	0	0	0	0
16965_Medieval_BermondseyAbbey_BA84 	0	0	0	0	0	0	0	0	0	0	0	0	0	0	0	0	0	0	0	0	0	0	0	0	0	0	0	0	0
16966_Medieval_BermondseyAbbey_BA84 	2008672	80364	50074	49089	49089	354	3909	106	230	76	71	268	24622	4175	1335	8	8	1	6	5	187	229	82	18	57	8	13000	66	268
16967_Medieval_BermondseyAbbey_BA84 	2150188	2582	1721	1699	1699	3	41	2	2	4	1	78	131	12	31	0	0	2	2	2	48	612	52	2	0	1	669	2	2
16968_Medieval_BermondseyAbbey_BA84 	2585774	21249	15548	15225	15225	17	129	24	15	33	3	289	829	110	366	7	2	0	5	7	74	816	159	7	26	10	12278	7	12
16969_Medieval_BermondseyAbbey_BA84 	4670066	6558	3614	3468	3468	6	13	26	8	3	5	477	17	10	10	7	5	7	8	16	72	2571	78	4	2	5	98	15	5
16970_Medieval_BermondseyAbbey_BA84 	1439851	2409	1606	1495	1495	2	1	2	1	4	2	117	0	0	1	3	0	2	0	1	1	1320	0	0	1	1	33	3	0
16971_Medieval_BermondseyAbbey_BA84 	3933126	17841	11586	11351	11351	48	329	41	41	21	17	256	620	139	316	13	15	7	23	17	40	608	123	14	27	16	8554	8	58
18499_Pictish1 	0	0	0	0	0	0	0	0	0	0	0	0	0	0	0	0	0	0	0	0	0	0	0	0	0	0	0	0	0
18501_Pictish2 	2160540	1529	704	676	676	2	34	1	5	1	1	105	12	8	8	0	1	1	5	3	7	328	9	3	2	3	132	5	0
18502_Pictish3 	1317254	57778	41722	40091	40091	235	2223	215	166	70	54	189	868	385	2052	1	2	4	6	1	64	354	218	16	223	3	32473	7	262
18503_Pictish3 	2165070	24944	18672	18206	18206	48	356	57	15	11	15	274	250	343	301	12	1	1	3	2	498	1503	3381	5	43	3	11044	7	33
BreedonOnTheHill12855 	5732586	10867	4794	4667	4667	32	133	31	20	13	24	451	63	22	72	10	10	8	16	12	88	1917	199	15	9	17	1447	11	47
BreedonOnTheHill12857 	4176664	200194	138874	130438	130438	314	2755	94	182	80	79	416	3724	1019	3731	18	6	8	15	13	260	916	1188	23	231	12	115027	26	301
BreedonOnTheHill12858 	4975325	22572	13359	12845	12845	68	593	38	42	20	23	435	423	814	428	12	18	8	16	17	31	3764	206	11	21	19	5763	19	56
BreedonOnTheHill12859 	2020671	329	39	35	35	2	1	3	1	4	0	2	3	3	4	0	1	0	2	2	1	0	1	0	1	1	0	1	2
BreedonOnTheHill12861 	4871403	126085	78864	76926	76926	756	7313	169	1235	411	280	875	8595	9328	2083	81	20	15	19	16	132	2764	254	45	157	20	41718	34	606
BreedonOnTheHill12864 	4933996	7548	3631	3197	3197	20	14	82	19	28	14	394	58	31	20	18	30	23	21	27	27	2090	61	14	11	15	126	32	22
EBC116 	40621	14	8	7	7	0	0	0	0	0	0	0	0	0	0	0	1	0	0	0	0	0	0	1	2	3	0	0	0
EBC117 	24782	14	9	9	9	0	0	0	0	0	1	0	0	0	0	1	0	0	1	0	0	0	0	0	1	2	1	0	2
EBC1_18 	122950	66	35	25	25	1	0	1	0	0	1	0	2	1	1	0	1	0	2	1	0	1	1	1	2	3	2	3	1
EBC1_19 	0	0	0	0	0	0	0	0	0	0	0	0	0	0	0	0	0	0	0	0	0	0	0	0	0	0	0	0	0
EBC1_2 	31448	16	11	9	9	0	0	0	0	0	0	0	1	0	0	0	0	1	0	0	0	1	0	1	1	0	1	2	1
EBC1_20 	438170	86	27	22	22	0	0	1	1	2	0	0	0	3	2	0	1	0	0	0	2	0	0	2	1	4	2	1	0
EBC1_21 	0	0	0	0	0	0	0	0	0	0	0	0	0	0	0	0	0	0	0	0	0	0	0	0	0	0	0	0	0
EBC1_22 	3209573	691	160	124	124	3	2	7	5	5	4	6	8	7	5	4	7	2	10	10	2	3	3	1	3	8	11	5	3
EBC1_24 	24364	27	18	5	5	0	0	0	0	0	0	2	1	0	0	0	1	0	0	0	0	0	0	1	0	0	0	0	0
EBC1_25 	25436	5	4	4	4	0	0	0	0	0	0	0	0	0	0	0	0	0	1	1	0	0	0	0	0	2	0	0	0
EBC1_26 	120899	28	2	2	2	0	0	0	0	0	0	0	0	0	0	0	1	0	0	0	0	0	0	1	0	0	0	0	0
EBC1_27 	145570	29	18	16	16	1	1	1	1	0	0	0	2	1	2	0	1	0	0	0	0	0	0	1	1	2	1	1	0
EBC1_28 	22162	9	7	7	7	0	0	0	1	1	0	0	0	0	1	0	1	0	1	0	0	0	0	0	0	1	0	0	1
EBC1_29 	0	0	0	0	0	0	0	0	0	0	0	0	0	0	0	0	0	0	0	0	0	0	0	0	0	0	0	0	0
EBC1_3 	0	0	0	0	0	0	0	0	0	0	0	0	0	0	0	0	0	0	0	0	0	0	0	0	0	0	0	0	0
EBC1_30 	92374	270	249	21	21	1	0	1	0	0	0	4	0	0	2	0	0	0	0	0	0	0	1	1	3	3	1	2	2
EBC1_31 	91323	112	91	23	23	1	1	2	1	0	0	1	0	0	2	0	2	0	2	1	1	0	1	1	0	3	1	2	1
EBC1_32 	0	0	0	0	0	0	0	0	0	0	0	0	0	0	0	0	0	0	0	0	0	0	0	0	0	0	0	0	0
EBC1_33 	1034436	234	40	38	38	0	0	4	1	1	2	2	2	0	2	1	6	3	2	2	2	0	1	2	1	0	3	1	0
EBC1_36 	61673	18	12	10	10	0	1	0	2	1	0	0	1	0	0	0	0	0	0	0	0	0	0	0	3	2	0	0	0
EBC15 	37047	24	13	10	10	0	2	0	2	0	0	0	1	1	1	0	0	0	2	0	0	0	1	0	0	0	0	0	0
EBC16 	106823	36	10	8	8	0	0	0	0	1	1	1	0	0	0	0	1	0	0	0	0	0	0	1	0	1	2	0	0
EBC17 	16060	3	2	2	2	0	0	0	1	1	0	0	0	0	0	0	0	0	0	0	0	0	0	0	0	0	0	0	0
Eccles8352 	34467	412	216	142	142	2	71	1	0	1	0	1	3	54	1	0	1	1	0	0	0	0	1	0	0	1	3	0	1
HillOfRoseisle15916 	1901291	223	66	60	60	2	5	3	4	3	3	4	2	2	0	1	3	4	3	3	1	3	0	2	0	4	3	3	2
Hinxton16487 	4669391	14667	8573	8460	8460	46	665	11	38	14	13	207	387	517	247	2	5	4	3	5	60	983	1305	8	17	6	3858	7	52
Hinxton16488 	3706432	5435	2737	2612	2612	8	72	15	8	3	0	345	567	289	24	2	6	3	9	1	125	886	95	2	3	4	139	2	4
Hinxton16489 	4592105	347975	230198	214877	214877	1453	17352	273	1421	683	316	349	5778	7171	6750	11	12	7	23	17	270	1161	288	40	535	24	169603	10	1330
Hinxton16490 	4427224	4659	1986	1911	1911	6	8	40	3	9	3	311	23	4	7	4	8	6	9	8	125	1073	119	5	8	3	117	5	7
Hinxton16491 	3991457	298684	152000	146895	146895	2257	28627	193	5736	2530	924	408	87350	8200	2499	8	30	8	41	19	382	310	116	55	90	35	5408	65	1604
Hinxton16492 	4402963	17611	10062	9816	9816	47	372	14	27	9	14	450	232	133	154	5	5	2	16	10	267	4040	373	8	4	5	3600	5	24
Hinxton16493 	4659625	95749	53753	52860	52860	411	6779	48	220	59	65	242	24167	3770	1287	11	26	6	13	11	308	1610	785	11	25	12	12639	33	322
Hinxton16494 	4698677	11092	5887	5797	5797	29	156	20	16	9	11	359	28	19	36	10	8	11	12	11	134	2211	1877	12	6	7	787	9	19
Hinxton16495 	4198293	4537	1826	1784	1784	1	6	12	4	7	1	206	38	10	21	3	3	8	7	6	175	896	48	2	1	9	309	7	4
IsleOfLewis15931 	1309154	1896	778	711	711	4	4	8	10	5	9	99	10	5	7	3	5	5	6	7	14	362	55	6	3	11	58	6	9
IsleOfPamona15920 	5411195	100584	64233	62576	62576	208	2067	42	88	55	42	340	7914	4750	4187	13	12	8	22	14	502	3077	666	18	47	8	38249	8	239
Jewbury8815 	2377359	104881	66671	65205	65205	678	9981	126	442	209	122	316	26259	8041	1621	6	11	4	6	7	234	2238	95	16	59	5	14195	49	485
Jewbury8822 	2574452	110219	66807	65123	65123	393	5191	62	397	53	63	264	49391	3105	1309	3	9	2	13	3	275	267	30	10	10	10	3956	56	251
Jewbury8830 	1958502	48614	30847	30191	30191	211	5145	51	112	30	44	103	15092	4463	586	4	4	2	6	3	150	413	48	6	16	3	3494	24	181
Jewbury8835 	3995663	93950	57793	56794	56794	821	9458	72	752	233	158	380	18588	13189	1206	10	8	6	13	10	217	2371	183	19	41	16	8421	55	567
Jewbury8838 	2375402	3900	2058	2026	2026	5	33	16	11	7	8	205	122	10	12	6	5	3	6	7	79	1079	63	3	2	7	324	8	5
Jewbury8839 	2067358	53381	32618	31899	31899	158	1288	24	117	57	16	144	25803	1465	637	0	4	3	5	2	132	146	22	6	3	4	1722	31	110
Jewbury8860 	230221	947	717	701	701	0	18	0	1	0	0	39	90	9	12	1	0	0	0	0	4	76	1	0	0	0	445	1	4
Jewbury8866 	1027405	1605	947	907	907	2	0	4	1	2	1	159	6	4	4	6	1	2	4	7	8	654	13	2	4	6	11	5	1
Kirkhill15923 	4981024	3433	1106	1069	1069	8	18	9	5	8	3	236	23	11	19	7	7	7	10	8	11	397	17	3	3	12	233	7	7
Kirkhill15924 	1756047	3005	1273	1194	1194	5	2	11	3	7	3	177	16	10	12	5	9	4	16	7	27	764	50	14	5	10	26	5	6
KirkwellCathedral15913 	5224934	15516	9346	9113	9113	13	33	25	4	12	6	609	127	45	196	13	14	3	11	12	59	1530	177	6	23	7	6166	14	8
KirkwellCathedral15914 	5559	6	2	2	2	0	0	0	0	0	0	0	1	0	0	0	0	0	0	0	0	0	0	0	0	1	0	0	0
KirkwellCathedral15915 	4864359	8855	5157	4570	4570	2	1	4	1	6	4	676	13	4	2	4	1	1	26	6	30	2988	160	7	4	6	605	15	4
Linton16497 	1625768	292	83	55	55	1	4	2	2	1	2	3	5	1	1	2	1	0	2	2	0	2	2	1	5	7	7	2	0
Linton16499 	4258467	46832	32140	31468	31468	77	380	17	27	33	12	580	500	171	758	17	2	5	10	5	76	1060	149	3	170	7	27376	4	29
Linton16529 	4273602	17536	11272	11027	11027	27	236	8	13	25	8	325	215	68	233	7	4	4	8	5	84	1062	49	3	58	5	8553	6	21
NewarkBay8887 	3604180	188456	104689	97653	97653	1510	18970	166	1448	635	402	374	61456	5122	1636	5	16	1	16	11	342	245	33	21	64	14	4022	16	1128
NewarkBay8888 	3821297	8634	5324	4999	4999	11	51	15	10	9	4	210	77	24	118	2	4	2	14	1	12	363	20	3	10	4	4010	6	19
Oakington15806 	220858	11147	7641	6633	6633	44	352	7	20	7	7	37	844	150	170	0	2	0	2	0	47	69	6	2	8	3	4824	1	31
Oakington15807 	5125590	18110	9977	9664	9664	47	172	26	24	15	20	384	55	29	38	13	7	10	20	10	514	3857	3498	5	10	9	838	37	26
Oakington15809 	4839678	9695	5149	5010	5010	13	33	14	7	8	3	415	99	37	117	1	5	2	17	6	40	897	226	4	7	3	3047	5	4
Oakington15810 	5798697	139020	97327	93525	93525	288	2588	118	181	77	57	409	7399	1950	2762	10	10	3	13	9	142	822	848	20	101	12	75492	9	205
Oakington15811 	2433068	5819	3874	3124	3124	3	19	1	1	1	0	375	15	52	4	4	0	0	0	1	240	1940	425	1	0	1	36	3	2
Oakington16496 	2073524	4645	2290	2265	2265	7	54	4	9	8	4	233	77	35	71	2	2	2	9	4	16	470	91	1	4	7	1150	1	4
Oakington16500 	4428552	158505	105047	101245	101245	625	6236	99	509	100	154	398	4183	2881	2606	6	10	4	14	5	147	576	104	31	175	9	81897	27	449
Oakington16540 	3824322	117348	65837	64190	64190	1074	21319	52	580	102	189	387	24392	2331	967	5	3	5	30	8	431	4482	307	16	78	12	6607	7	806
Raunds8333 	6073669	13548	7111	6217	6217	14	55	13	9	15	9	449	40	11	32	13	11	11	23	12	106	4599	355	9	6	13	385	14	13
Raunds8338 	5162843	106775	69109	67479	67479	477	6605	54	216	42	56	386	14853	1821	1936	2	5	4	5	6	155	1105	350	7	41	6	38942	41	364
Raunds8346 	5219743	200950	122193	118959	118959	1012	14077	190	659	143	246	493	27198	6170	2602	3	18	12	11	6	315	3172	243	33	172	20	61418	31	715
Raunds8347 	4870890	76904	51846	50565	50565	145	1427	69	81	22	34	347	2242	354	1488	4	8	6	11	9	64	1301	486	24	97	9	42123	29	185
Raunds8348 	1185287	1651	954	490	490	3	12	1	0	1	0	16	5	5	12	0	0	0	1	2	34	124	10	0	0	0	261	2	1
Raunds8867 	2883081	4701	2444	2172	2172	1	13	14	2	11	2	140	47	17	63	2	8	3	6	5	7	217	29	5	4	5	1562	2	7
Raunds8869 	5463011	40135	26219	25790	25790	88	795	29	51	27	17	273	2066	422	829	8	6	10	8	12	219	866	72	10	65	13	19817	10	77
Raunds8872 	5528018	20854	12882	11406	11406	5	10	47	5	15	9	2105	45	10	7	12	4	10	6	10	215	8426	317	17	7	12	94	10	8
SkaeBrae15919 	681577	408	215	62	62	0	0	2	1	0	0	7	2	1	0	0	0	1	1	0	0	10	8	1	1	1	26	0	0
StBrides12849 	5786592	16122	6300	5521	5521	31	42	34	34	32	26	922	48	52	40	28	31	18	27	39	27	3592	45	35	18	40	279	46	35
StBrides12850 	6457929	85694	54528	53030	53030	263	3410	86	130	64	57	883	1615	1641	1890	21	12	14	21	33	110	2156	388	25	202	20	39781	24	184
StBrides12866 	5069337	69174	43754	42655	42655	119	1105	70	117	33	31	1097	1387	645	1282	18	20	10	34	17	213	2069	3783	27	99	16	30314	33	116
StBrides12867 	6381941	217966	142717	137595	137595	745	4510	164	328	168	90	1502	5590	42563	4391	13	19	8	39	27	157	1382	1345	62	234	23	73732	78	425
StBrides12870 	4968125	32079	19595	19241	19241	27	279	39	11	14	10	607	367	115	418	15	7	6	23	6	519	5492	406	4	17	10	10824	5	20
StHelensOnWalls8873 	5343004	206698	119497	116084	116084	2087	30810	160	1114	239	296	785	30787	5870	2535	6	24	4	24	12	336	691	254	40	172	17	38207	112	1502
StHelensOnWalls8875 	3305289	246255	154203	149740	149740	1807	26445	159	948	162	314	344	43948	6549	2981	13	17	1	14	0	676	605	752	20	142	7	62443	50	1343
StHelensOnWallsy8874 	5433152	8616	4467	4072	4072	6	13	18	4	12	2	345	19	6	13	8	3	6	1	6	12	3454	33	6	3	9	85	5	3
StNiniansIsle15925 	78	0	0	0	0	0	0	0	0	0	0	0	0	0	0	0	0	0	0	0	0	0	0	0	0	0	0	0	0
StNiniansIsle15927 	8074224	28898	17785	17197	17197	15	114	54	11	33	7	692	1045	217	109	25	12	2	25	8	760	2294	9278	8	12	9	2434	19	14
StNiniansIsle15928 	3801027	90912	60408	58787	58787	174	1141	63	92	44	38	246	13108	2368	1493	4	5	0	10	6	131	513	432	7	39	7	38660	7	199
StNiniansIsle15929 	3025734	53822	36400	34686	34686	511	5239	100	190	24	72	287	485	145	765	2	6	2	128	3	86	736	362	5	95	3	24940	6	494
Yorkshire8890 	1619302	3155	1446	1336	1336	12	42	6	5	5	3	93	5	5	4	3	5	3	4	5	360	602	104	3	4	5	45	2	11
Yorkshire8892 	1220038	131696	97710	82898	82898	178	1724	44	139	47	46	232	11453	1033	1974	2	5	0	2	0	144	604	87	6	34	2	64856	17	269
Yorkshire8893 	4882002	369630	219312	208670	208670	533	5405	160	255	160	158	580	118007	13039	5444	12	44	10	24	17	542	931	148	36	148	19	62593	25	380
Yorkshire8895 	3724868	550609	350465	315482	315482	851	8719	128	423	240	216	687	109047	14093	7455	15	48	16	38	28	605	872	295	43	102	42	170696	62	761