Sample 	 Analysis-ready reads 	 Total mapped reads 	 Total Q30 mapped reads 	  Total after removing PCR duplicates 	 Total unique reads  	 S.mitis 	 S.oralis 	 S.parasanguinis 	 S.infantis 	 S.australis 	 S.perorsis 	 S.massiliensis 	 S.sanguinis 	 S.gordonii 	 S.cristatus 	 S.mutans 	 S.sobrinus 	 S.troglodytae 	 S.downei 	 S.criceti 	 S.intermedius 	 S.constellatus 	 S.anginosus 	 S.salivarius 	 S.vestibularis 	 S.acidominimus 	 S.spDD04 	 S.pluranimalium 	 S.pseudopneumoniae 
19767_ModernCalculus_PerioDisease_1_kneaddata 	522533	30203	20308	19153	19153	99	646	204	77	535	15	39	13762	2235	860	4	0	1	4	0	90	32	9	16	19	1	443	3	59
19768_ModernCalculus_PerioDisease_2_kneaddata 	693950	22365	16030	14962	14962	88	485	123	66	1055	14	17	10354	882	1260	0	0	0	1	1	90	16	5	18	29	1	321	2	134
19769_ModernCalculus_PerioDisease_3_kneaddata 	533598	2611	1879	1762	1762	3	1	16	1	2	1	79	9	10	42	6	0	0	0	0	79	1082	389	2	3	0	37	0	0
19770_ModernCalculus_PerioDisease_4_kneaddata 	504145	4904	3447	3256	3256	39	280	73	22	13	1	5	1431	1105	114	5	0	0	0	0	43	24	23	14	18	1	29	0	16
19771_ModernCalculus_PerioDisease_5_kneaddata 	479474	48256	35916	33655	33655	204	7536	127	1429	1274	117	37	18058	3634	421	8	1	0	4	0	28	25	65	22	17	1	373	24	250
19772_ModernCalculus_PerioDisease_6_kneaddata 	573102	67433	46465	43536	43536	197	823	12	75	27	10	118	37883	1503	1030	3	2	0	0	0	209	51	4	1	63	4	1477	9	35
19773_ModernCalculus_PerioDisease_7_kneaddata 	625631	15412	11210	10576	10576	143	1345	71	32	47	21	12	1199	3330	3995	1	0	0	2	0	18	16	26	1	21	0	226	6	64
19774_ModernCalculus_PerioDisease_8_kneaddata 	605075	59926	42460	39867	39867	177	4360	29	103	75	17	86	32180	1177	619	2	1	0	0	1	99	212	13	5	34	2	561	13	101
19775_ModernCalculus_PerioDisease_9_kneaddata 	581843	45785	32906	30941	30941	305	8820	53	317	217	54	62	19157	767	451	1	0	0	1	1	59	31	8	2	19	5	393	11	207
19776_ModernCalculus_PerioDisease_10_kneaddata 	494696	19922	15837	14946	14946	70	2513	5	31	16	13	51	10525	255	134	4	0	0	0	1	335	161	615	2	12	1	140	17	45
19777_ModernCalculus_PerioDisease_11_kneaddata 	824570	15207	10339	9699	9699	65	448	214	96	153	12	23	259	1498	1844	4451	0	85	1	0	10	28	22	299	43	1	99	3	45
19778_ModernCalculus_PerioDisease_12_kneaddata 	1251970	109825	82104	76153	76153	59	1509	16	502	84	25	149	66862	2367	1449	2	0	1	5	0	1207	122	30	5	17	72	1601	38	31
19779_ModernCalculus_PerioDisease_13_kneaddata 	1217403	27978	17386	16326	16326	523	5875	55	396	106	85	186	1481	1046	4538	7	1	1	3	2	123	925	306	19	33	9	299	3	304
19780_ModernCalculus_PerioDisease_14_kneaddata 	994875	52272	39549	37194	37194	271	7967	59	195	45	48	111	26225	872	489	2	2	0	3	0	55	69	69	13	11	1	468	14	205
19781_ModernCalculus_PerioDisease_15_kneaddata 	550995	1078	685	646	646	10	230	1	10	3	0	53	33	80	20	1	0	0	1	0	6	142	16	1	2	0	27	2	8
19782_ModernCalculus_PerioDisease_16_kneaddata 	648308	38582	27578	25927	25927	142	2120	33	96	142	18	79	21377	759	423	6	2	1	4	1	47	94	6	7	37	2	450	15	66
19783_ModernCalculus_PerioDisease_17_kneaddata 	827074	64575	44070	41375	41375	169	1002	25	90	174	7	119	36726	1175	790	9	1	2	1	1	80	66	9	6	40	4	824	17	38
19784_ModernCalculus_PerioDisease_18_kneaddata 	19940	11	8	7	7	0	0	0	0	0	0	4	0	0	0	0	0	0	0	1	0	0	0	0	0	0	2	0	0
19785_ModernCalculus_PerioDisease_19_kneaddata 	934968	68408	49552	46300	46300	186	2339	53	1348	645	89	132	36803	1886	812	3	1	0	4	3	216	186	10	13	59	1	1350	27	134
19786_ModernCalculus_PerioDisease_20_kneaddata 	544425	36323	25433	23927	23927	106	1409	14	79	119	16	68	19546	1304	443	0	2	2	3	3	72	25	1	2	19	2	622	19	51
19787_ModernCalculus_PerioDisease_21_kneaddata 	562260	773	544	514	514	1	8	0	0	1	1	29	359	16	14	0	1	0	1	0	2	61	0	0	0	0	18	0	2
19788_ModernCalculus_PerioDisease_22_kneaddata 	459807	385	248	234	234	1	0	1	0	0	0	35	6	0	1	1	1	0	1	0	5	105	66	1	0	0	10	0	0
19789_ModernCalculus_PerioDisease_23_kneaddata 	693123	680	454	431	431	3	1	0	0	0	0	90	17	0	1	1	1	0	0	0	21	263	19	1	0	0	12	0	1
19790_ModernCalculus_PerioDisease_24_kneaddata 	871478	479	312	278	278	5	8	2	0	4	0	33	19	2	36	0	0	1	1	0	2	91	61	2	0	0	11	0	0
19791_ModernCalculus_PerioDisease_25_kneaddata 	521033	15007	10072	9527	9527	37	481	5	17	31	5	59	3392	738	248	1	1	0	1	1	26	104	11	0	0	0	4262	3	104
19792_ModernCalculus_PerioDisease_26_kneaddata 	933977	59236	41271	38650	38650	92	2006	34	71	159	11	120	32291	1230	588	0	1	0	2	3	279	897	69	8	6	5	711	9	58
19793_ModernCalculus_PerioDisease_27_kneaddata 	459335	35959	25127	23654	23654	123	2051	18	52	16	13	76	14828	5348	592	1	0	1	1	1	46	57	7	4	8	0	346	4	61
19794_ModernCalculus_PerioDisease_28_kneaddata 	468098	28351	20756	19533	19533	83	1585	7	35	15	12	142	15728	986	303	0	0	1	3	1	52	127	71	1	8	0	324	8	41
19795_ModernCalculus_PerioDisease_29_kneaddata 	533622	46589	33144	31251	31251	221	6002	13	123	84	13	66	22624	788	502	0	0	1	9	1	81	41	2	10	19	2	534	7	108
19796_ModernCalculus_PerioDisease_30_kneaddata 	563683	43027	30548	28807	28807	166	5607	6	92	45	20	41	20943	723	417	2	1	1	3	1	86	30	1	3	14	0	497	7	101
19797_ModernCalculus_PerioDisease_31_kneaddata 	408738	7782	4945	4636	4636	67	946	28	24	8	10	19	807	1640	694	2	0	0	3	2	12	32	158	10	22	1	91	0	60
19798_ModernCalculus_PerioDisease_32_kneaddata 	86552	2067	1432	1250	1250	18	22	3	3	12	0	9	964	69	30	1	1	0	0	0	7	33	24	0	5	0	37	0	12
19799_ModernCalculus_PerioDisease_33_kneaddata 	537553	12255	8323	7817	7817	9	186	4	38	9	5	44	6522	259	167	1	2	0	1	1	12	44	7	2	7	1	474	5	17
19800_ModernCalculus_PerioDisease_34_kneaddata 	311903	15292	10740	10114	10114	79	478	8	19	7	5	35	5582	3327	139	3	1	0	1	1	28	31	19	2	6	1	297	1	44
19801_ModernCalculus_PerioDisease_35_kneaddata 	551503	28611	20946	19735	19735	97	1425	7	33	21	6	82	16763	560	314	2	1	0	1	1	36	46	9	2	2	2	282	15	28
19802_ModernCalculus_PerioDisease_36_kneaddata 	345396	2226	1509	1428	1428	14	229	4	9	2	0	33	419	133	18	1	1	0	0	0	74	394	58	0	2	0	31	0	6
19804_EBC1_B1ModernCalculus_PerioDisease_kneaddata 	113	0	0	0	0	0	0	0	0	0	0	0	0	0	0	0	0	0	0	0	0	0	0	0	0	0	0	0	0
19805_EBC2_B1ModernCalculus_PerioDisease_kneaddata 	67	0	0	0	0	0	0	0	0	0	0	0	0	0	0	0	0	0	0	0	0	0	0	0	0	0	0	0	0
19834_EBC1_B2ModernCalculus_PerioDisease_kneaddata 	7947	6	4	3	3	0	0	1	0	0	0	0	0	0	0	0	0	0	0	0	0	0	0	0	2	0	0	0	0
19835_EBC2_B2ModernCalculus_PerioDisease_kneaddata 	240	0	0	0	0	0	0	0	0	0	0	0	0	0	0	0	0	0	0	0	0	0	0	0	0	0	0	0	0
19837_EBC1_B3ModernCalculus_PerioDisease_kneaddata 	63	0	0	0	0	0	0	0	0	0	0	0	0	0	0	0	0	0	0	0	0	0	0	0	0	0	0	0	0
19838_EBC2_B3ModernCalculus_PerioDisease_kneaddata 	52	0	0	0	0	0	0	0	0	0	0	0	0	0	0	0	0	0	0	0	0	0	0	0	0	0	0	0	0